id 
c 
d 
p 
v -30 -36 -30
n -0.573098 0.585763 -0.573098
v -30 -31.475 -25.375
n -0.578459 0.591242 -0.561811
v -30 -27.9 -21.5
n -0.591692 0.604768 -0.532644
v -30 -25.275 -18.375
n -0.612019 0.625545 -0.482458
v -30 -23.6 -16
n -0.636329 0.650391 -0.412787
v -30 -22.4667 -14
n -0.653363 0.667802 -0.355984
v -30 -21.4667 -12
n -0.663284 0.677942 -0.316211
v -30 -20.6 -10
n -0.672257 0.687113 -0.274702
v -30 -19.8667 -8
n -0.68014 0.695171 -0.231599
v -30 -19.2667 -6
n -0.6868 0.701978 -0.187092
v -30 -18.8 -4
n -0.69258 0.707886 -0.13556
v -30 -18.5 -2
n -0.697121 0.712527 -0.0711622
v -30 -18.4 1.2517e-06
n -0.698891 0.714336 3.29688e-07
v -30 -18.5 2
n -0.697121 0.712527 0.0711623
v -30 -18.8 4
n -0.691779 0.707067 0.142156
v -30 -19.3333 6.11111
n -0.683722 0.698832 0.207866
v -30 -20.1333 8.44445
n -0.674692 0.689602 0.261962
v -30 -21.2 11
n -0.665816 0.680531 0.305213
v -30 -22.5333 13.7778
n -0.657474 0.672004 0.340373
v -25.375 -31.475 -30
n -0.561811 0.591242 -0.578459
v -25.375 -26.95 -25.375
n -0.567167 0.596882 -0.567167
v -25.375 -23.375 -21.5
n -0.580397 0.610813 -0.537962
v -25.375 -20.75 -18.375
n -0.600757 0.632254 -0.487613
v -25.375 -19.075 -16
n -0.625158 0.657951 -0.417564
v -25.375 -17.9417 -14
n -0.642289 0.675992 -0.360346
v -25.375 -16.9417 -12
n -0.652285 0.686521 -0.320208
v -25.375 -16.075 -10
n -0.661336 0.696054 -0.278272
v -25.375 -15.3417 -8
n -0.669296 0.704438 -0.234683
v -25.375 -14.7417 -6
n -0.676026 0.711528 -0.189634
v -25.375 -14.275 -4
n -0.681871 0.717685 -0.137433
v -25.375 -13.975 -2
n -0.686467 0.722526 -0.0721582
v -25.375 -13.875 1.25356e-06
n -0.688258 0.724413 5.58794e-09
v -25.375 -13.975 2
n -0.686467 0.722526 0.0721583
v -25.375 -14.275 4
n -0.681061 0.716832 0.144114
v -25.375 -14.8083 6.11111
n -0.672915 0.70825 0.210662
v -25.375 -15.6083 8.44445
n -0.663794 0.698643 0.265391
v -25.375 -16.675 11
n -0.654838 0.68921 0.309102
v -25.375 -18.0083 13.7778
n -0.646429 0.680354 0.344599
v -21.5 -27.9 -30
n -0.532644 0.604768 -0.591692
v -21.5 -23.375 -25.375
n -0.537962 0.610813 -0.580397
v -21.5 -19.8 -21.5
n -0.551123 0.625777 -0.551123
v -21.5 -17.175 -18.375
n -0.571472 0.648916 -0.500415
v -21.5 -15.5 -16
n -0.595989 0.676798 -0.429473
v -21.5 -14.3667 -14
n -0.613286 0.696472 -0.371251
v -21.5 -13.3667 -12
n -0.623428 0.708008 -0.330219
v -21.5 -12.5 -10
n -0.632636 0.718483 -0.287229
v -21.5 -11.7667 -8
n -0.640754 0.72772 -0.242431
v -21.5 -11.1667 -6
n -0.647634 0.735548 -0.196028
v -21.5 -10.7 -4
n -0.65362 0.74236 -0.142149
v -21.5 -10.4 -2
n -0.658334 0.747724 -0.0746678
v -21.5 -10.3 1.25915e-06
n -0.660174 0.749817 -5.58794e-09
v -21.5 -10.4 2
n -0.658334 0.747724 0.0746679
v -21.5 -10.7 4
n -0.652791 0.741416 0.149042
v -21.5 -11.2333 6.11111
n -0.644453 0.731929 0.21769
v -21.5 -12.0333 8.44444
n -0.635141 0.721334 0.273998
v -21.5 -13.1 11
n -0.626023 0.71096 0.318847
v -21.5 -14.4333 13.7778
n -0.617482 0.701245 0.355173
v -18.375 -25.275 -30
n -0.482458 0.625545 -0.612019
v -18.375 -20.75 -25.375
n -0.487613 0.632254 -0.600757
v -18.375 -17.175 -21.5
n -0.500415 0.648916 -0.571472
v -18.375 -14.55 -18.375
n -0.520353 0.674877 -0.520353
v -18.375 -12.875 -16
n -0.544581 0.706439 -0.448193
v -18.375 -11.7417 -14
n -0.561808 0.728891 -0.388512
v -18.375 -10.7417 -12
n -0.571988 0.742164 -0.346131
v -18.375 -9.875 -10
n -0.581273 0.754274 -0.301518
v -18.375 -9.14167 -8
n -0.589494 0.764998 -0.254833
v -18.375 -8.54167 -6
n -0.596486 0.774121 -0.206294
v -18.375 -8.075 -4
n -0.602591 0.782088 -0.149741
v -18.375 -7.775 -2
n -0.60741 0.788377 -0.0787149
v -18.375 -7.675 1.2368e-06
n -0.609293 0.790835 3.39933e-07
v -18.375 -7.775 2
n -0.60741 0.788377 0.078715
v -18.375 -8.075 4
n -0.601746 0.780984 0.156971
v -18.375 -8.60833 6.11111
n -0.593253 0.769902 0.228957
v -18.375 -9.40833 8.44445
n -0.583808 0.75758 0.287745
v -18.375 -10.475 11
n -0.5746 0.74557 0.334351
v -18.375 -11.8083 13.7778
n -0.566012 0.734372 0.371939
v -16 -23.6 -30
n -0.412787 0.650391 -0.636329
v -16 -19.075 -25.375
n -0.417564 0.657951 -0.625158
v -16 -15.5 -21.5
n -0.429473 0.676798 -0.595989
v -16 -12.875 -18.375
n -0.448192 0.706439 -0.544581
v -16 -11.2 -16
n -0.471186 0.742869 -0.471186
v -16 -10.0667 -14
n -0.4877 0.769047 -0.409889
v -16 -9.06667 -12
n -0.497555 0.784679 -0.365932
v -16 -8.2 -10
n -0.506597 0.799027 -0.319383
v -16 -7.46667 -8
n -0.514646 0.811802 -0.270402
v -16 -6.86667 -6
n -0.521526 0.822724 -0.219228
v -16 -6.4 -4
n -0.527558 0.832304 -0.159333
v -16 -6.1 -2
n -0.532336 0.839892 -0.0838406
v -16 -6 1.2815e-06
n -0.534206 0.842863 3.56697e-07
v -16 -6.1 2
n -0.532336 0.839892 0.0838406
v -16 -6.4 4
n -0.526723 0.830977 0.166984
v -16 -6.93333 6.11111
n -0.518344 0.817672 0.243125
v -16 -7.73333 8.44445
n -0.509076 0.802961 0.304951
v -16 -8.8 11
n -0.500092 0.788705 0.353672
v -16 -10.1333 13.7778
n -0.491759 0.775486 0.392745
v -14 -22.4667 -30
n -0.355984 0.667802 -0.653363
v -14 -17.9417 -25.375
n -0.360346 0.675993 -0.642289
v -14 -14.3667 -21.5
n -0.371251 0.696472 -0.613286
v -14 -11.7417 -18.375
n -0.388512 0.728892 -0.561808
v -14 -10.0667 -16
n -0.409888 0.769048 -0.4877
v -14 -8.93333 -14
n -0.425358 0.798112 -0.425358
v -14 -7.93333 -12
n -0.43466 0.815592 -0.380328
v -14 -7.06667 -10
n -0.443235 0.831706 -0.332427
v -14 -6.33333 -8
n -0.4509 0.846112 -0.281813
v -14 -5.73333 -6
n -0.457476 0.85847 -0.228738
v -14 -5.26667 -4
n -0.463262 0.869346 -0.166406
v -14 -4.96667 -2
n -0.467856 0.877981 -0.0876287
v -14 -4.86667 1.27219e-06
n -0.469657 0.881367 1.71363e-07
v -14 -4.96667 2
n -0.467856 0.877981 0.0876288
v -14 -5.26667 4
n -0.462461 0.867841 0.174363
v -14 -5.8 6.11111
n -0.454434 0.852754 0.253527
v -14 -6.6 8.44445
n -0.445594 0.836138 0.317528
v -14 -7.66667 11
n -0.437063 0.820105 0.367735
v -14 -9 13.7778
n -0.429183 0.805298 0.40783
v -12 -21.4667 -30
n -0.316211 0.677942 -0.663284
v -12 -16.9417 -25.375
n -0.320208 0.686521 -0.652285
v -12 -13.3667 -21.5
n -0.330219 0.708008 -0.623428
v -12 -10.7417 -18.375
n -0.346131 0.742164 -0.571988
v -12 -9.06667 -16
n -0.365932 0.784679 -0.497555
v -12 -7.93333 -14
n -0.380328 0.815592 -0.434661
v -12 -6.93333 -12
n -0.389025 0.83427 -0.389025
v -12 -6.06667 -10
n -0.397064 0.851538 -0.340341
v -12 -5.33333 -8
n -0.40427 0.867017 -0.288764
v -12 -4.73333 -6
n -0.410465 0.880327 -0.234551
v -12 -4.26667 -4
n -0.415929 0.892064 -0.170743
v -12 -3.96667 -2
n -0.420273 0.901399 -0.0899567
v -12 -3.86667 1.2815e-06
n -0.421978 0.905063 9.31323e-10
v -12 -3.96667 2
n -0.420273 0.901399 0.0899568
v -12 -4.26667 4
n -0.415172 0.89044 0.178885
v -12 -4.8 6.11111
n -0.407599 0.874169 0.259874
v -12 -5.6 8.44444
n -0.39928 0.856298 0.325168
v -12 -6.66667 11
n -0.391274 0.839102 0.376242
v -12 -8 13.7778
n -0.3839 0.823262 0.416918
v -10 -20.6 -30
n -0.274702 0.687113 -0.672257
v -10 -16.075 -25.375
n -0.278272 0.696054 -0.661336
v -10 -12.5 -21.5
n -0.287228 0.718484 -0.632636
v -10 -9.875 -18.375
n -0.301518 0.754274 -0.581273
v -10 -8.2 -16
n -0.319384 0.799027 -0.506597
v -10 -7.06667 -14
n -0.332427 0.831706 -0.443236
v -10 -6.06667 -12
n -0.340341 0.851538 -0.397064
v -10 -5.2 -10
n -0.347676 0.869922 -0.347676
v -10 -4.46667 -8
n -0.354267 0.886441 -0.295223
v -10 -3.86667 -6
n -0.359947 0.900679 -0.239964
v -10 -3.4 -4
n -0.364965 0.91326 -0.174788
v -10 -3.1 -2
n -0.368963 0.923281 -0.0921313
v -10 -3 1.3262e-06
n -0.370533 0.927218 7.26432e-08
v -10 -3.1 2
n -0.368963 0.923281 0.0921313
v -10 -3.4 4
n -0.364271 0.911519 0.183102
v -10 -3.93333 6.11111
n -0.357319 0.894091 0.265778
v -10 -4.73333 8.44444
n -0.349702 0.874999 0.332255
v -10 -5.8 11
n -0.342391 0.856677 0.384111
v -10 -7.13333 13.7778
n -0.335673 0.839841 0.425306
v -8 -19.8667 -30
n -0.231599 0.695171 -0.68014
v -8 -15.3417 -25.375
n -0.234683 0.704438 -0.669295
v -8 -11.7667 -21.5
n -0.24243 0.72772 -0.640754
v -8 -9.14167 -18.375
n -0.254833 0.764997 -0.589494
v -8 -7.46667 -16
n -0.270402 0.811802 -0.514646
v -8 -6.33333 -14
n -0.281813 0.846112 -0.450901
v -8 -5.33333 -12
n -0.288764 0.867016 -0.40427
v -8 -4.46667 -10
n -0.295222 0.886442 -0.354267
v -8 -3.73333 -8
n -0.301039 0.903936 -0.301039
v -8 -3.13333 -6
n -0.306061 0.919045 -0.244849
v -8 -2.66667 -4
n -0.310507 0.932421 -0.178444
v -8 -2.36667 -2
n -0.314053 0.943092 -0.0940994
v -8 -2.26667 1.2517e-06
n -0.315447 0.947287 1.17347e-07
v -8 -2.36667 2
n -0.314053 0.943092 0.0940995
v -8 -2.66667 4
n -0.309892 0.930571 0.186911
v -8 -3.2 6.11111
n -0.303737 0.912054 0.271099
v -8 -4 8.44445
n -0.297009 0.891815 0.338626
v -8 -5.06667 11
n -0.290567 0.87244 0.391168
v -8 -6.4 13.7778
n -0.284661 0.854678 0.432812
v -6 -19.2667 -30
n -0.187092 0.701978 -0.6868
v -6 -14.7417 -25.375
n -0.189634 0.711528 -0.676026
v -6 -11.1667 -21.5
n -0.196028 0.735548 -0.647634
v -6 -8.54167 -18.375
n -0.206294 0.77412 -0.596486
v -6 -6.86667 -16
n -0.219228 0.822724 -0.521526
v -6 -5.73333 -14
n -0.228738 0.858471 -0.457476
v -6 -4.73333 -12
n -0.234552 0.880326 -0.410465
v -6 -3.86667 -10
n -0.239964 0.900679 -0.359947
v -6 -3.13333 -8
n -0.244849 0.919045 -0.306061
v -6 -2.53333 -6
n -0.249074 0.934935 -0.249074
v -6 -2.06667 -4
n -0.25282 0.949026 -0.181612
v -6 -1.76667 -2
n -0.255813 0.960281 -0.0958067
v -6 -1.66667 1.16229e-06
n -0.25699 0.964709 5.7742e-08
v -6 -1.76667 2
n -0.255813 0.960281 0.0958067
v -6 -2.06667 4
n -0.252302 0.947077 0.190211
v -6 -2.6 6.11111
n -0.247119 0.927582 0.275699
v -6 -3.4 8.44444
n -0.241464 0.906318 0.34412
v -6 -4.46667 11
n -0.236062 0.886004 0.397241
v -6 -5.8 13.7778
n -0.231118 0.867419 0.439257
v -4 -18.8 -30
n -0.13556 0.707886 -0.69258
v -4 -14.275 -25.375
n -0.137434 0.717685 -0.681871
v -4 -10.7 -21.5
n -0.14215 0.74236 -0.653621
v -4 -8.075 -18.375
n -0.149741 0.782087 -0.602591
v -4 -6.4 -16
n -0.159333 0.832304 -0.527558
v -4 -5.26667 -14
n -0.166406 0.869346 -0.463262
v -4 -4.26667 -12
n -0.170743 0.892064 -0.415929
v -4 -3.4 -10
n -0.174788 0.91326 -0.364965
v -4 -2.66667 -8
n -0.178444 0.932421 -0.310507
v -4 -2.06667 -6
n -0.181612 0.949026 -0.25282
v -4 -1.6 -4
n -0.184425 0.963774 -0.184425
v -4 -1.3 -2
n -0.186675 0.975566 -0.0973244
v -4 -1.2 1.2517e-06
n -0.18756 0.980209 3.1665e-08
v -4 -1.3 2
n -0.186675 0.975566 0.0973245
v -4 -1.6 4
n -0.184036 0.961734 0.193141
v -4 -2.13333 6.11111
n -0.180146 0.941342 0.279774
v -4 -2.93333 8.44445
n -0.17591 0.91914 0.348978
v -4 -4 11
n -0.171871 0.897973 0.402598
v -4 -5.33333 13.7778
n -0.16818 0.87864 0.444933
v -2 -18.5 -30
n -0.0711622 0.712527 -0.697121
v -2 -13.975 -25.375
n -0.0721584 0.722526 -0.686467
v -2 -10.4 -21.5
n -0.0746681 0.747724 -0.658334
v -2 -7.775 -18.375
n -0.0787149 0.788377 -0.60741
v -2 -6.1 -16
n -0.0838407 0.839892 -0.532336
v -2 -4.96667 -14
n -0.0876288 0.877981 -0.467856
v -2 -3.96667 -12
n -0.0899566 0.901399 -0.420273
v -2 -3.1 -10
n -0.0921313 0.923281 -0.368963
v -2 -2.36667 -8
n -0.0940994 0.943092 -0.314053
v -2 -1.76667 -6
n -0.0958067 0.960281 -0.255813
v -2 -1.3 -4
n -0.0973244 0.975566 -0.186675
v -2 -1 -2
n -0.098539 0.9878 -0.098539
v -2 -0.9 1.28336e-06
n -0.0990174 0.992619 2.79397e-08
v -2 -1 2
n -0.098539 0.9878 0.0985391
v -2 -1.3 4
n -0.0971145 0.973452 0.195482
v -2 -1.83333 6.11111
n -0.0950165 0.952326 0.283026
v -2 -2.63333 8.44445
n -0.0927352 0.929359 0.352848
v -2 -3.7 11
n -0.0905627 0.907495 0.406861
v -2 -5.03333 13.7778
n -0.0885806 0.887555 0.449443
v 1.2517e-06 -18.4 -30
n 2.99886e-07 0.714336 -0.698891
v 1.26101e-06 -13.875 -25.375
n 3.241e-07 0.724413 -0.688258
v 1.22935e-06 -10.3 -21.5
n 1.82539e-07 0.749817 -0.660173
v 1.3113e-06 -7.675 -18.375
n 4.09782e-08 0.790834 -0.609293
v 1.2815e-06 -6 -16
n 8.19564e-08 0.842863 -0.534206
v 1.27405e-06 -4.86667 -14
n 4.47035e-08 0.881367 -0.469657
v 1.3113e-06 -3.86667 -12
n 5.58794e-08 0.905063 -0.421979
v 1.3411e-06 -3 -10
n 1.84402e-07 0.927218 -0.370533
v 1.2517e-06 -2.26667 -8
n 1.37836e-07 0.947287 -0.315447
v 1.16229e-06 -1.66667 -6
n 2.6077e-08 0.964709 -0.25699
v 1.2517e-06 -1.2 -4
n 4.84288e-08 0.980209 -0.18756
v 1.30571e-06 -0.9 -2
n 6.33299e-08 0.992619 -0.0990174
v 1.28895e-06 -0.8 1.25915e-06
n 5.58794e-08 0.997509 3.81842e-08
v 1.37091e-06 -0.9 2
n 6.51926e-08 0.992619 0.0990175
v 1.2517e-06 -1.2 4
n 5.21541e-08 0.978066 0.196404
v 1.20699e-06 -1.73333 6.11111
n 2.23517e-08 0.956646 0.284305
v 1.2517e-06 -2.53333 8.44445
n 9.87202e-08 0.933374 0.354369
v 1.2815e-06 -3.6 11
n 2.2538e-07 0.911233 0.408534
v 1.2815e-06 -4.93334 13.7778
n 1.3411e-07 0.891052 0.451212
v 2 -18.5 -30
n 0.0711622 0.712527 -0.697121
v 2 -13.975 -25.375
n 0.0721586 0.722526 -0.686467
v 2 -10.4 -21.5
n 0.0746682 0.747724 -0.658334
v 2 -7.775 -18.375
n 0.0787149 0.788377 -0.60741
v 2 -6.1 -16
n 0.0838408 0.839892 -0.532336
v 2 -4.96667 -14
n 0.0876289 0.877981 -0.467856
v 2 -3.96667 -12
n 0.0899568 0.901399 -0.420273
v 2 -3.1 -10
n 0.0921314 0.923281 -0.368963
v 2 -2.36667 -8
n 0.0940995 0.943092 -0.314053
v 2 -1.76667 -6
n 0.0958068 0.960281 -0.255812
v 2 -1.3 -4
n 0.0973245 0.975566 -0.186675
v 2 -1 -2
n 0.0985391 0.9878 -0.098539
v 2 -0.9 1.37091e-06
n 0.0990175 0.992619 4.56348e-08
v 2 -1 2
n 0.0985391 0.9878 0.0985391
v 2 -1.3 4
n 0.0971146 0.973452 0.195482
v 2 -1.83333 6.11111
n 0.0950166 0.952326 0.283026
v 2 -2.63333 8.44444
n 0.0927353 0.929359 0.352848
v 2 -3.7 11
n 0.0905627 0.907495 0.406861
v 2 -5.03333 13.7778
n 0.0885807 0.887555 0.449443
v 4 -18.8 -30
n 0.142156 0.707067 -0.691779
v 4 -14.275 -25.375
n 0.144114 0.716832 -0.681061
v 4 -10.7 -21.5
n 0.149042 0.741416 -0.652791
v 4 -8.075 -18.375
n 0.156971 0.780984 -0.601746
v 4 -6.4 -16
n 0.166984 0.830977 -0.526723
v 4 -5.26667 -14
n 0.174363 0.867841 -0.462461
v 4 -4.26667 -12
n 0.178885 0.89044 -0.415172
v 4 -3.4 -10
n 0.183102 0.911519 -0.364271
v 4 -2.66667 -8
n 0.186911 0.930571 -0.309892
v 4 -2.06667 -6
n 0.190211 0.947077 -0.252302
v 4 -1.6 -4
n 0.193141 0.961734 -0.184036
v 4 -1.3 -2
n 0.195482 0.973452 -0.0971146
v 4 -1.2 1.2517e-06
n 0.196404 0.978066 3.72529e-08
v 4 -1.3 2
n 0.195482 0.973452 0.0971146
v 4 -1.6 4
n 0.192735 0.959707 0.192735
v 4 -2.13333 6.11111
n 0.188684 0.939438 0.27921
v 4 -2.93333 8.44445
n 0.184271 0.917366 0.348306
v 4 -4 11
n 0.180061 0.896316 0.401857
v 4 -5.33333 13.7778
n 0.176213 0.877086 0.444147
v 6.11111 -19.3333 -30
n 0.207866 0.698832 -0.683722
v 6.11111 -14.8083 -25.375
n 0.210662 0.70825 -0.672915
v 6.11111 -11.2333 -21.5
n 0.21769 0.731929 -0.644453
v 6.11111 -8.60833 -18.375
n 0.228957 0.769902 -0.593253
v 6.11111 -6.93333 -16
n 0.243125 0.817673 -0.518344
v 6.11111 -5.8 -14
n 0.253527 0.852754 -0.454434
v 6.11111 -4.8 -12
n 0.259874 0.874169 -0.407599
v 6.11111 -3.93333 -10
n 0.265778 0.894091 -0.357319
v 6.11111 -3.2 -8
n 0.271099 0.912054 -0.303737
v 6.11111 -2.6 -6
n 0.275699 0.927582 -0.247119
v 6.11111 -2.13333 -4
n 0.279774 0.941342 -0.180146
v 6.11111 -1.83333 -2
n 0.283026 0.952326 -0.0950165
v 6.11111 -1.73333 1.22562e-06
n 0.284305 0.956646 7.54371e-08
v 6.11111 -1.83333 2
n 0.283026 0.952326 0.0950166
v 6.11111 -2.13333 4
n 0.27921 0.939438 0.188684
v 6.11111 -2.66667 6.11111
n 0.27357 0.920397 0.27357
v 6.11111 -3.46667 8.44445
n 0.267412 0.899608 0.341578
v 6.11111 -4.53333 11
n 0.261522 0.879729 0.394431
v 6.11111 -5.86667 13.7778
n 0.256127 0.861525 0.436275
v 8.44445 -20.1333 -30
n 0.261962 0.689602 -0.674692
v 8.44445 -15.6083 -25.375
n 0.265391 0.698643 -0.663794
v 8.44445 -12.0333 -21.5
n 0.273998 0.721335 -0.635141
v 8.44445 -9.40833 -18.375
n 0.287744 0.75758 -0.583808
v 8.44445 -7.73333 -16
n 0.304951 0.802961 -0.509076
v 8.44444 -6.6 -14
n 0.317528 0.836138 -0.445594
v 8.44445 -5.6 -12
n 0.325168 0.856298 -0.39928
v 8.44444 -4.73333 -10
n 0.332255 0.874999 -0.349702
v 8.44445 -4 -8
n 0.338626 0.891815 -0.297009
v 8.44444 -3.4 -6
n 0.34412 0.906318 -0.241464
v 8.44445 -2.93333 -4
n 0.348978 0.91914 -0.17591
v 8.44445 -2.63333 -2
n 0.352848 0.929359 -0.0927351
v 8.44445 -2.53333 1.2666e-06
n 0.354369 0.933374 1.28523e-07
v 8.44444 -2.63333 2
n 0.352848 0.929359 0.0927352
v 8.44445 -2.93333 4
n 0.348306 0.917366 0.184271
v 8.44445 -3.46667 6.11111
n 0.341578 0.899608 0.267412
v 8.44445 -4.26667 8.44445
n 0.334213 0.880167 0.334213
v 8.44445 -5.33333 11
n 0.327148 0.861523 0.386281
v 8.44445 -6.66667 13.7778
n 0.320661 0.844405 0.427615
v 11 -21.2 -30
n 0.305213 0.680531 -0.665817
v 11 -16.675 -25.375
n 0.309102 0.68921 -0.654838
v 11 -13.1 -21.5
n 0.318847 0.71096 -0.626023
v 11 -10.475 -18.375
n 0.334352 0.74557 -0.5746
v 11 -8.8 -16
n 0.353672 0.788705 -0.500092
v 11 -7.66667 -14
n 0.367735 0.820105 -0.437063
v 11 -6.66667 -12
n 0.376242 0.839102 -0.391274
v 11 -5.8 -10
n 0.384111 0.856677 -0.342391
v 11 -5.06667 -8
n 0.391168 0.87244 -0.290568
v 11 -4.46667 -6
n 0.397241 0.886004 -0.236062
v 11 -4 -4
n 0.402598 0.897973 -0.17187
v 11 -3.7 -2
n 0.406861 0.907495 -0.0905627
v 11 -3.6 1.2815e-06
n 0.408534 0.911233 1.22003e-07
v 11 -3.7 2
n 0.406861 0.907495 0.0905628
v 11 -4 4
n 0.401857 0.896316 0.180061
v 11 -4.53333 6.11111
n 0.394431 0.879729 0.261522
v 11 -5.33333 8.44445
n 0.386281 0.861523 0.327148
v 11 -6.4 11
n 0.378443 0.844018 0.378443
v 11 -7.73334 13.7778
n 0.371227 0.827904 0.419267
v 13.7778 -22.5333 -30
n 0.340373 0.672004 -0.657474
v 13.7778 -18.0083 -25.375
n 0.344599 0.680354 -0.646429
v 13.7778 -14.4333 -21.5
n 0.355173 0.701245 -0.617482
v 13.7778 -11.8083 -18.375
n 0.371939 0.734372 -0.566012
v 13.7778 -10.1333 -16
n 0.392745 0.775486 -0.491759
v 13.7778 -9 -14
n 0.40783 0.805298 -0.429183
v 13.7778 -8 -12
n 0.416918 0.823262 -0.3839
v 13.7778 -7.13333 -10
n 0.425306 0.839841 -0.335673
v 13.7778 -6.4 -8
n 0.432812 0.854678 -0.284661
v 13.7778 -5.8 -6
n 0.439257 0.867418 -0.231118
v 13.7778 -5.33333 -4
n 0.444933 0.87864 -0.16818
v 13.7778 -5.03333 -2
n 0.449443 0.887555 -0.0885806
v 13.7778 -4.93334 1.2517e-06
n 0.451211 0.891052 1.58325e-07
v 13.7778 -5.03333 2
n 0.449443 0.887555 0.0885807
v 13.7778 -5.33333 4
n 0.444147 0.877086 0.176214
v 13.7778 -5.86667 6.11111
n 0.436275 0.861525 0.256127
v 13.7778 -6.66667 8.44445
n 0.427615 0.844405 0.320661
v 13.7778 -7.73334 11
n 0.419267 0.827904 0.371227
v 13.7778 -9.06667 13.7778
n 0.411565 0.81268 0.411565
e 1 19 0
e 19 1 20
e 2 20 1
e 20 2 21
e 3 21 2
e 21 3 22
e 4 22 3
e 22 4 23
e 5 23 4
e 23 5 24
e 6 24 5
e 24 6 25
e 7 25 6
e 25 7 26
e 8 26 7
e 26 8 27
e 9 27 8
e 27 9 28
e 10 28 9
e 28 10 29
e 11 29 10
e 29 11 30
e 12 30 11
e 30 12 31
e 13 31 12
e 31 13 32
e 14 32 13
e 32 14 33
e 15 33 14
e 33 15 34
e 16 34 15
e 34 16 35
e 17 35 16
e 35 17 36
e 18 36 17
e 36 18 37
e 19 37 18
e 37 19 38
e 20 38 19
e 38 20 39
e 21 39 20
e 39 21 40
e 22 40 21
e 40 22 41
e 23 41 22
e 41 23 42
e 24 42 23
e 42 24 43
e 25 43 24
e 43 25 44
e 26 44 25
e 44 26 45
e 27 45 26
e 45 27 46
e 28 46 27
e 46 28 47
e 29 47 28
e 47 29 48
e 30 48 29
e 48 30 49
e 31 49 30
e 49 31 50
e 32 50 31
e 50 32 51
e 33 51 32
e 51 33 52
e 34 52 33
e 52 34 53
e 35 53 34
e 53 35 54
e 36 54 35
e 54 36 55
e 37 55 36
e 55 37 56
e 38 56 37
e 56 38 57
e 39 57 38
e 57 39 58
e 40 58 39
e 58 40 59
e 41 59 40
e 59 41 60
e 42 60 41
e 60 42 61
e 43 61 42
e 61 43 62
e 44 62 43
e 62 44 63
e 45 63 44
e 63 45 64
e 46 64 45
e 64 46 65
e 47 65 46
e 65 47 66
e 48 66 47
e 66 48 67
e 49 67 48
e 67 49 68
e 50 68 49
e 68 50 69
e 51 69 50
e 69 51 70
e 52 70 51
e 70 52 71
e 53 71 52
e 71 53 72
e 54 72 53
e 72 54 73
e 55 73 54
e 73 55 74
e 56 74 55
e 74 56 75
e 57 75 56
e 75 57 76
e 58 76 57
e 76 58 77
e 59 77 58
e 77 59 78
e 60 78 59
e 78 60 79
e 61 79 60
e 79 61 80
e 62 80 61
e 80 62 81
e 63 81 62
e 81 63 82
e 64 82 63
e 82 64 83
e 65 83 64
e 83 65 84
e 66 84 65
e 84 66 85
e 67 85 66
e 85 67 86
e 68 86 67
e 86 68 87
e 69 87 68
e 87 69 88
e 70 88 69
e 88 70 89
e 71 89 70
e 89 71 90
e 72 90 71
e 90 72 91
e 73 91 72
e 91 73 92
e 74 92 73
e 92 74 93
e 75 93 74
e 93 75 94
e 76 94 75
e 94 76 95
e 77 95 76
e 95 77 96
e 78 96 77
e 96 78 97
e 79 97 78
e 97 79 98
e 80 98 79
e 98 80 99
e 81 99 80
e 99 81 100
e 82 100 81
e 100 82 101
e 83 101 82
e 101 83 102
e 84 102 83
e 102 84 103
e 85 103 84
e 103 85 104
e 86 104 85
e 104 86 105
e 87 105 86
e 105 87 106
e 88 106 87
e 106 88 107
e 89 107 88
e 107 89 108
e 90 108 89
e 108 90 109
e 91 109 90
e 109 91 110
e 92 110 91
e 110 92 111
e 93 111 92
e 111 93 112
e 94 112 93
e 112 94 113
e 95 113 94
e 113 95 114
e 96 114 95
e 114 96 115
e 97 115 96
e 115 97 116
e 98 116 97
e 116 98 117
e 99 117 98
e 117 99 118
e 100 118 99
e 118 100 119
e 101 119 100
e 119 101 120
e 102 120 101
e 120 102 121
e 103 121 102
e 121 103 122
e 104 122 103
e 122 104 123
e 105 123 104
e 123 105 124
e 106 124 105
e 124 106 125
e 107 125 106
e 125 107 126
e 108 126 107
e 126 108 127
e 109 127 108
e 127 109 128
e 110 128 109
e 128 110 129
e 111 129 110
e 129 111 130
e 112 130 111
e 130 112 131
e 113 131 112
e 131 113 132
e 114 132 113
e 132 114 133
e 115 133 114
e 133 115 134
e 116 134 115
e 134 116 135
e 117 135 116
e 135 117 136
e 118 136 117
e 136 118 137
e 119 137 118
e 137 119 138
e 120 138 119
e 138 120 139
e 121 139 120
e 139 121 140
e 122 140 121
e 140 122 141
e 123 141 122
e 141 123 142
e 124 142 123
e 142 124 143
e 125 143 124
e 143 125 144
e 126 144 125
e 144 126 145
e 127 145 126
e 145 127 146
e 128 146 127
e 146 128 147
e 129 147 128
e 147 129 148
e 130 148 129
e 148 130 149
e 131 149 130
e 149 131 150
e 132 150 131
e 150 132 151
e 133 151 132
e 151 133 152
e 134 152 133
e 152 134 153
e 135 153 134
e 153 135 154
e 136 154 135
e 154 136 155
e 137 155 136
e 155 137 156
e 138 156 137
e 156 138 157
e 139 157 138
e 157 139 158
e 140 158 139
e 158 140 159
e 141 159 140
e 159 141 160
e 142 160 141
e 160 142 161
e 143 161 142
e 161 143 162
e 144 162 143
e 162 144 163
e 145 163 144
e 163 145 164
e 146 164 145
e 164 146 165
e 147 165 146
e 165 147 166
e 148 166 147
e 166 148 167
e 149 167 148
e 167 149 168
e 150 168 149
e 168 150 169
e 151 169 150
e 169 151 170
e 152 170 151
e 170 152 171
e 153 171 152
e 171 153 172
e 154 172 153
e 172 154 173
e 155 173 154
e 173 155 174
e 156 174 155
e 174 156 175
e 157 175 156
e 175 157 176
e 158 176 157
e 176 158 177
e 159 177 158
e 177 159 178
e 160 178 159
e 178 160 179
e 161 179 160
e 179 161 180
e 162 180 161
e 180 162 181
e 163 181 162
e 181 163 182
e 164 182 163
e 182 164 183
e 165 183 164
e 183 165 184
e 166 184 165
e 184 166 185
e 167 185 166
e 185 167 186
e 168 186 167
e 186 168 187
e 169 187 168
e 187 169 188
e 170 188 169
e 188 170 189
e 171 189 170
e 189 171 190
e 172 190 171
e 190 172 191
e 173 191 172
e 191 173 192
e 174 192 173
e 192 174 193
e 175 193 174
e 193 175 194
e 176 194 175
e 194 176 195
e 177 195 176
e 195 177 196
e 178 196 177
e 196 178 197
e 179 197 178
e 197 179 198
e 180 198 179
e 198 180 199
e 181 199 180
e 199 181 200
e 182 200 181
e 200 182 201
e 183 201 182
e 201 183 202
e 184 202 183
e 202 184 203
e 185 203 184
e 203 185 204
e 186 204 185
e 204 186 205
e 187 205 186
e 205 187 206
e 188 206 187
e 206 188 207
e 189 207 188
e 207 189 208
e 190 208 189
e 208 190 209
e 191 209 190
e 209 191 210
e 192 210 191
e 210 192 211
e 193 211 192
e 211 193 212
e 194 212 193
e 212 194 213
e 195 213 194
e 213 195 214
e 196 214 195
e 214 196 215
e 197 215 196
e 215 197 216
e 198 216 197
e 216 198 217
e 199 217 198
e 217 199 218
e 200 218 199
e 218 200 219
e 201 219 200
e 219 201 220
e 202 220 201
e 220 202 221
e 203 221 202
e 221 203 222
e 204 222 203
e 222 204 223
e 205 223 204
e 223 205 224
e 206 224 205
e 224 206 225
e 207 225 206
e 225 207 226
e 208 226 207
e 226 208 227
e 209 227 208
e 227 209 228
e 210 228 209
e 228 210 229
e 211 229 210
e 229 211 230
e 212 230 211
e 230 212 231
e 213 231 212
e 231 213 232
e 214 232 213
e 232 214 233
e 215 233 214
e 233 215 234
e 216 234 215
e 234 216 235
e 217 235 216
e 235 217 236
e 218 236 217
e 236 218 237
e 219 237 218
e 237 219 238
e 220 238 219
e 238 220 239
e 221 239 220
e 239 221 240
e 222 240 221
e 240 222 241
e 223 241 222
e 241 223 242
e 224 242 223
e 242 224 243
e 225 243 224
e 243 225 244
e 226 244 225
e 244 226 245
e 227 245 226
e 245 227 246
e 228 246 227
e 246 228 247
e 229 247 228
e 247 229 248
e 230 248 229
e 248 230 249
e 231 249 230
e 249 231 250
e 232 250 231
e 250 232 251
e 233 251 232
e 251 233 252
e 234 252 233
e 252 234 253
e 235 253 234
e 253 235 254
e 236 254 235
e 254 236 255
e 237 255 236
e 255 237 256
e 238 256 237
e 256 238 257
e 239 257 238
e 257 239 258
e 240 258 239
e 258 240 259
e 241 259 240
e 259 241 260
e 242 260 241
e 260 242 261
e 243 261 242
e 261 243 262
e 244 262 243
e 262 244 263
e 245 263 244
e 263 245 264
e 246 264 245
e 264 246 265
e 247 265 246
e 265 247 266
e 248 266 247
e 266 248 267
e 249 267 248
e 267 249 268
e 250 268 249
e 268 250 269
e 251 269 250
e 269 251 270
e 252 270 251
e 270 252 271
e 253 271 252
e 271 253 272
e 254 272 253
e 272 254 273
e 255 273 254
e 273 255 274
e 256 274 255
e 274 256 275
e 257 275 256
e 275 257 276
e 258 276 257
e 276 258 277
e 259 277 258
e 277 259 278
e 260 278 259
e 278 260 279
e 261 279 260
e 279 261 280
e 262 280 261
e 280 262 281
e 263 281 262
e 281 263 282
e 264 282 263
e 282 264 283
e 265 283 264
e 283 265 284
e 266 284 265
e 284 266 285
e 267 285 266
e 285 267 286
e 268 286 267
e 286 268 287
e 269 287 268
e 287 269 288
e 270 288 269
e 288 270 289
e 271 289 270
e 289 271 290
e 272 290 271
e 290 272 291
e 273 291 272
e 291 273 292
e 274 292 273
e 292 274 293
e 275 293 274
e 293 275 294
e 276 294 275
e 294 276 295
e 277 295 276
e 295 277 296
e 278 296 277
e 296 278 297
e 279 297 278
e 297 279 298
e 280 298 279
e 298 280 299
e 281 299 280
e 299 281 300
e 282 300 281
e 300 282 301
e 283 301 282
e 301 283 302
e 284 302 283
e 302 284 303
e 285 303 284
e 303 285 304
e 286 304 285
e 304 286 305
e 287 305 286
e 305 287 306
e 288 306 287
e 306 288 307
e 289 307 288
e 307 289 308
e 290 308 289
e 308 290 309
e 291 309 290
e 309 291 310
e 292 310 291
e 310 292 311
e 293 311 292
e 311 293 312
e 294 312 293
e 312 294 313
e 295 313 294
e 313 295 314
e 296 314 295
e 314 296 315
e 297 315 296
e 315 297 316
e 298 316 297
e 316 298 317
e 299 317 298
e 317 299 318
e 300 318 299
e 318 300 319
e 301 319 300
e 319 301 320
e 302 320 301
e 320 302 321
e 303 321 302
e 321 303 322
e 304 322 303
e 322 304 323
e 305 323 304
e 323 305 324
e 306 324 305
e 324 306 325
e 307 325 306
e 325 307 326
e 308 326 307
e 326 308 327
e 309 327 308
e 327 309 328
e 310 328 309
e 328 310 329
e 311 329 310
e 329 311 330
e 312 330 311
e 330 312 331
e 313 331 312
e 331 313 332
e 314 332 313
e 332 314 333
e 315 333 314
e 333 315 334
e 316 334 315
e 334 316 335
e 317 335 316
e 335 317 336
e 318 336 317
e 336 318 337
e 319 337 318
e 337 319 338
e 320 338 319
e 338 320 339
e 321 339 320
e 339 321 340
e 322 340 321
e 340 322 341
e 323 341 322
e 341 323 342
e 324 342 323
e 342 324 343
e 325 343 324
e 343 325 344
e 326 344 325
e 344 326 345
e 327 345 326
e 345 327 346
e 328 346 327
e 346 328 347
e 329 347 328
e 347 329 348
e 330 348 329
e 348 330 349
e 331 349 330
e 349 331 350
e 332 350 331
e 350 332 351
e 333 351 332
e 351 333 352
e 334 352 333
e 352 334 353
e 335 353 334
e 353 335 354
e 336 354 335
e 354 336 355
e 337 355 336
e 355 337 356
e 338 356 337
e 356 338 357
e 339 357 338
e 357 339 358
e 340 358 339
e 358 340 359
e 341 359 340
e 359 341 360
e 342 360 341
e 360 342 361
e 343 361 342
e 361 343 362
e 344 362 343
e 362 344 363
e 345 363 344
e 363 345 364
e 346 364 345
e 364 346 365
e 347 365 346
e 365 347 366
e 348 366 347
e 366 348 367
e 349 367 348
e 367 349 368
e 350 368 349
e 368 350 369
e 351 369 350
e 369 351 370
e 352 370 351
e 370 352 371
e 353 371 352
e 371 353 372
e 354 372 353
e 372 354 373
e 355 373 354
e 373 355 374
e 356 374 355
e 374 356 375
e 357 375 356
e 375 357 376
e 358 376 357
e 376 358 377
e 359 377 358
e 377 359 378
e 360 378 359
e 378 360 379
e 361 379 360
e 379 361 380
