id 2
a 3
d  5.0 
p 10.0    0.0    0.0
v 5 0 -5
n 0.110432 0.993884 -1.13226e-08
v 3.2 0.2 -5
n 0.252175 0.956514 -5.66132e-09
v 1.8 0.8 -5
n 0.550513 0.813126 0
v 0.8 1.8 -5
n 0.813126 0.550513 -4.46553e-09
v 0.2 3.2 -5
n 0.956514 0.252175 -4.46553e-09
v 0 5 -5
n 0.993884 -3.72529e-08 5.58447e-09
v 0.2 6.8 -5
n 0.956514 -0.252175 2.32053e-08
v 0.8 8.2 -5
n 0.813126 -0.550513 1.76208e-08
v 1.8 9.2 -5
n 0.550513 -0.813126 9.19134e-08
v 3.2 9.8 -5
n 0.252175 -0.956514 1.94816e-07
v 5 10 -5
n -2.30968e-07 -0.993884 2.14933e-07
v 6.8 9.8 -5
n -0.252176 -0.956514 2.08166e-07
v 8.2 9.2 -5
n -0.550513 -0.813126 3.22407e-07
v 9.2 8.2 -5
n -0.813126 -0.550513 2.26272e-07
v 9.8 6.8 -5
n -0.956514 -0.252175 1.12999e-07
v 10 5 -5
n -0.993884 -2.23517e-08 2.13519e-07
v 9.8 3.2 -5
n -0.956514 0.252176 2.02835e-07
v 9.2 1.8 -5
n -0.813126 0.550513 1.79267e-07
v 8.2 0.799999 -5
n -0.550513 0.813126 8.59081e-08
v 5 0 -0.64
n 0.110432 0.993884 -5.66132e-09
v 3.2 0.2 -0.6376
n 0.252175 0.956514 -1.68578e-08
v 1.8 0.8 -0.6304
n 0.550513 0.813126 -2.0033e-08
v 0.8 1.8 -0.6184
n 0.813126 0.550513 -1.37583e-08
v 0.2 3.2 -0.6016
n 0.956514 0.252175 -1.23295e-08
v 0 5 -0.58
n 0.993884 -4.28408e-08 -1.78486e-09
v 0.2 6.8 -0.5584
n 0.956514 -0.252175 2.4735e-08
v 0.8 8.2 -0.5416
n 0.813126 -0.550513 6.65993e-08
v 1.8 9.2 -0.5296
n 0.550513 -0.813126 9.06132e-08
v 3.2 9.8 -0.5224
n 0.252175 -0.956514 9.7408e-08
v 5 10 -0.52
n -2.40281e-07 -0.993884 1.07466e-07
v 6.8 9.8 -0.5224
n -0.252176 -0.956514 1.72999e-07
v 8.2 9.2 -0.5296
n -0.550513 -0.813126 2.74355e-07
v 9.2 8.2 -0.5416
n -0.813126 -0.550513 1.80693e-07
v 9.8 6.8 -0.5584
n -0.956514 -0.252175 2.01812e-08
v 10 5 -0.58
n -0.993884 -2.79397e-08 -1.80741e-08
v 9.8 3.2 -0.6016
n -0.956514 0.252176 2.80614e-08
v 9.2 1.8 -0.6184
n -0.813126 0.550513 6.95805e-08
v 8.2 0.799999 -0.6304
n -0.550513 0.813126 2.26998e-08
v 5 0 2.84
n 0.110432 0.993884 9.4936e-09
v 3.2 0.2 2.8496
n 0.252175 0.956514 9.44686e-09
v 1.8 0.8 2.8784
n 0.550513 0.813126 1.46107e-08
v 0.8 1.8 2.9264
n 0.813126 0.550513 1.52289e-08
v 0.2 3.2 2.9936
n 0.956514 0.252175 6.63504e-09
v 0 5 3.08
n 0.993884 -3.53903e-08 -2.93902e-09
v 0.2 6.8 3.1664
n 0.956514 -0.252175 -1.71422e-08
v 0.8 8.2 3.2336
n 0.813126 -0.550513 -2.27537e-08
v 1.8 9.2 3.2816
n 0.550513 -0.813126 -6.76344e-09
v 3.2 9.8 3.3104
n 0.252175 -0.956514 -7.17413e-08
v 5 10 3.32
n -1.09896e-07 -0.993884 -1.53266e-07
v 6.8 9.8 3.3104
n -0.252176 -0.956514 -9.23601e-08
v 8.2 9.2 3.2816
n -0.550513 -0.813126 -7.6676e-08
v 9.2 8.2 3.2336
n -0.813126 -0.550512 -7.10543e-08
v 9.8 6.8 3.1664
n -0.956514 -0.252175 7.2626e-09
v 10 5 3.08
n -0.993884 -1.56462e-07 -4.53571e-08
v 9.8 3.2 2.9936
n -0.956514 0.252176 -6.20926e-08
v 9.2 1.8 2.9264
n -0.813126 0.550513 6.40951e-09
v 8.2 0.8 2.8784
n -0.550513 0.813126 2.89507e-09
v 5 0 5.44
n 0.110432 0.993884 9.4936e-09
v 3.2 0.2 5.4616
n 0.252175 0.956514 2.3474e-08
v 1.8 0.8 5.5264
n 0.550513 0.813126 3.46437e-08
v 0.8 1.8 5.6344
n 0.813126 0.550513 2.15262e-08
v 0.2 3.2 5.7856
n 0.956514 0.252175 1.15036e-08
v 0 5 5.98
n 0.993884 -2.6077e-08 1.63808e-09
v 0.2 6.8 6.1744
n 0.956514 -0.252175 -1.31952e-08
v 0.8 8.2 6.3256
n 0.813126 -0.550513 -6.34632e-08
v 1.8 9.2 6.4336
n 0.550513 -0.813126 -5.53445e-08
v 3.2 9.8 6.4984
n 0.252175 -0.956514 -7.56658e-08
v 5 10 6.52
n 3.53903e-08 -0.993884 -1.53266e-07
v 6.8 9.8 6.4984
n -0.252175 -0.956514 -1.4589e-07
v 8.2 9.2 6.4336
n -0.550513 -0.813126 -2.4207e-07
v 9.2 8.2 6.3256
n -0.813126 -0.550513 -2.06241e-07
v 9.8 6.8 6.1744
n -0.956514 -0.252175 4.35808e-08
v 10 5 5.98
n -0.993884 -1.43424e-07 7.94766e-08
v 9.8 3.2 5.7856
n -0.956514 0.252175 1.12637e-08
v 9.2 1.8 5.6344
n -0.813126 0.550513 -5.23711e-08
v 8.2 0.799999 5.5264
n -0.550513 0.813126 -5.56846e-08
v 5 0 7.16
n 0.110432 0.993884 0
v 3.2 0.2 7.1984
n 0.252175 0.956514 0
v 1.8 0.8 7.3136
n 0.550513 0.813126 0
v 0.8 1.8 7.5056
n 0.813126 0.550513 4.2295e-09
v 0.2 3.2 7.7744
n 0.956514 0.252175 4.2295e-09
v 0 5 8.12
n 0.993884 -2.23517e-08 0
v 0.2 6.8 8.4656
n 0.956514 -0.252175 -7.776e-09
v 0.8 8.2 8.7344
n 0.813126 -0.550513 -7.776e-09
v 1.8 9.2 8.9264
n 0.550513 -0.813126 -1.15969e-07
v 3.2 9.8 9.0416
n 0.252175 -0.956514 -1.13802e-07
v 5 10 9.08
n 5.40167e-08 -0.993884 2.16703e-09
v 6.8 9.8 9.0416
n -0.252176 -0.956514 -1.4952e-07
v 8.2 9.2 8.9264
n -0.550513 -0.813126 -3.09093e-07
v 9.2 8.2 8.7344
n -0.813126 -0.550513 -1.59573e-07
v 9.8 6.8 8.4656
n -0.956514 -0.252175 -3.08333e-07
v 10 5 8.12
n -0.993884 5.21541e-08 -3.08333e-07
v 9.8 3.2 7.7744
n -0.956514 0.252176 -1.81535e-07
v 9.2 1.8 7.5056
n -0.813126 0.550513 -1.17761e-07
v 8.2 0.799999 7.3136
n -0.550513 0.813126 6.37745e-08
v 5 0 8
n 0.111216 0.993109 0.0261141
v 3.2 0.2 8.06
n 0.25378 0.955276 0.0253214
v 1.8 0.8 8.24
n 0.553051 0.810666 0.0220453
v 0.8 1.8 8.54
n 0.815004 0.547441 0.0154491
v 0.2 3.2 8.96
n 0.957115 0.250223 0.00731431
v 0 5 9.5
n 0.993982 1.41952e-05 -4.7849e-05
v 0.2 6.8 10.04
n 0.957159 -0.250077 -0.00786128
v 0.8 8.2 10.46
n 0.815221 -0.547044 -0.0174139
v 1.8 9.2 10.76
n 0.553445 -0.810155 -0.0260376
v 3.2 9.8 10.94
n 0.254079 -0.954844 -0.0308727
v 5 10 11
n -4.8615e-07 -0.992735 -0.0321788
v 6.8 9.8 10.94
n -0.254084 -0.954838 -0.0309327
v 8.2 9.2 10.76
n -0.553456 -0.810139 -0.026147
v 9.2 8.2 10.46
n -0.815233 -0.547015 -0.0175402
v 9.8 6.8 10.04
n -0.957165 -0.250052 -0.00795381
v 10 5 9.5
n -0.993984 8.91834e-06 -3.06041e-05
v 9.8 3.2 8.96
n -0.957135 0.250152 0.0075798
v 9.2 1.8 8.54
n -0.815076 0.547303 0.0161147
v 8.2 0.799999 8.24
n -0.55315 0.810537 0.0230097
v 5 -0.02 8.38
n 0.113897 0.985247 0.112422
v 3.2 0.1784 8.4632
n 0.259217 0.94597 0.108691
v 1.8 0.7736 8.7128
n 0.561511 0.79792 0.0937264
v 0.8 1.7656 9.1288
n 0.821133 0.534132 0.0647859
v 0.2 3.1544 9.7112
n 0.959033 0.242375 0.0303129
v 0 4.94 10.46
n 0.994288 6.36633e-05 -0.000166536
v 0.2 6.7256 11.2088
n 0.959173 -0.241695 -0.0322317
v 0.8 8.1144 11.7912
n 0.821846 -0.53207 -0.0717864
v 1.8 9.1064 12.2072
n 0.562844 -0.794676 -0.10821
v 3.2 9.7016 12.4568
n 0.260252 -0.942386 -0.129082
v 5 9.9 12.54
n -1.55158e-06 -0.981666 -0.134787
v 6.8 9.7016 12.4568
n -0.260266 -0.942344 -0.129296
v 8.2 9.1064 12.2072
n -0.56288 -0.79458 -0.108596
v 9.2 8.1144 11.7912
n -0.821886 -0.531931 -0.0722267
v 9.8 6.7256 11.2088
n -0.959191 -0.241579 -0.0325515
v 10 4.94 10.46
n -0.994294 4.05218e-05 -0.000106268
v 9.8 3.1544 9.7112
n -0.959097 0.242042 0.0312485
v 9.2 1.7656 9.1288
n -0.821378 0.533418 0.0671821
v 8.2 0.773599 8.7128
n -0.56186 0.797117 0.0972788
v 5 -0.08 8.72
n 0.117689 0.960017 0.243288
v 3.2 0.1136 8.8248
n 0.266811 0.919217 0.234353
v 1.8 0.6944 9.1392
n 0.573042 0.768555 0.199733
v 0.8 1.6624 9.6632
n 0.829233 0.508142 0.135802
v 0.2 3.0176 10.3968
n 0.96149 0.228301 0.0626613
v 0 4.76 11.34
n 0.99467 0.000126991 -0.000262418
v 0.2 6.5024 12.2832
n 0.961672 -0.226896 -0.0657095
v 0.8 7.8576 13.0168
n 0.830194 -0.503515 -0.147104
v 1.8 8.8256 13.5408
n 0.574898 -0.760284 -0.22357
v 3.2 9.4064 13.8552
n 0.268287 -0.908885 -0.268358
v 5 9.6 13.96
n -1.8198e-06 -0.94917 -0.280744
v 6.8 9.4064 13.8552
n -0.268305 -0.908772 -0.2687
v 8.2 8.8256 13.5408
n -0.574945 -0.760055 -0.224182
v 9.2 7.8576 13.0168
n -0.830245 -0.503219 -0.147796
v 9.8 6.5024 12.2832
n -0.961695 -0.226663 -0.066209
v 10 4.76 11.34
n -0.994678 8.02502e-05 -0.000166007
v 9.8 3.0176 10.3968
n -0.961576 0.227609 0.0641571
v 9.2 1.6624 9.6632
n -0.829574 0.506531 0.139725
v 8.2 0.694399 9.1392
n -0.57355 0.766493 0.205705
v 5 -0.18 9.02
n 0.121153 0.907846 0.392238
v 3.2 0.00559999 9.1448
n 0.273623 0.866997 0.376298
v 1.8 0.5624 9.5192
n 0.583031 0.719089 0.316656
v 0.8 1.4904 10.1432
n 0.835945 0.470335 0.211554
v 0.2 2.7896 11.0168
n 0.963439 0.209602 0.0961956
v 0 4.46 12.14
n 0.994961 0.000156006 -0.000260596
v 0.2 6.1304 13.2632
n 0.96356 -0.207826 -0.0992425
v 0.8 7.4296 14.1368
n 0.836611 -0.464093 -0.22299
v 1.8 8.3576 14.7608
n 0.584363 -0.706862 -0.341142
v 3.2 8.9144 15.1352
n 0.274707 -0.850529 -0.4116
v 5 9.1 15.26
n -1.14553e-06 -0.890076 -0.431257
v 6.8 8.9144 15.1352
n -0.274719 -0.850361 -0.411939
v 8.2 8.3576 14.7608
n -0.584393 -0.706546 -0.341746
v 9.2 7.4296 14.1368
n -0.836643 -0.463712 -0.22367
v 9.8 6.1304 13.2632
n -0.963575 -0.207538 -0.0997327
v 10 4.46 12.14
n -0.994966 9.75244e-05 -0.000162675
v 9.8 2.7896 11.0168
n -0.963497 0.208721 0.0977028
v 9.2 1.4904 10.1432
n -0.836192 0.468135 0.215589
v 8.2 0.5624 9.5192
n -0.583417 0.715974 0.322955
v 5 -0.32 9.28
n 0.123557 0.820881 0.549417
v 3.2 -0.1456 9.4232
n 0.278267 0.782675 0.525203
v 1.8 0.3776 9.8528
n 0.589631 0.646074 0.437114
v 0.8 1.2496 10.5688
n 0.840204 0.420081 0.28765
v 0.2 2.4704 11.5712
n 0.964628 0.18648 0.129149
v 0 4.04 12.86
n 0.995132 0.000116177 -0.0001628
v 0.2 5.6096 14.1488
n 0.964661 -0.185131 -0.131058
v 0.8 6.8304 15.1512
n 0.840393 -0.415125 -0.294844
v 1.8 7.7024 15.8672
n 0.590023 -0.635777 -0.452597
v 3.2 8.2256 16.2968
n 0.278596 -0.768168 -0.547608
v 5 8.4 16.44
n -6.42613e-07 -0.804979 -0.57421
v 6.8 8.2256 16.2968
n -0.278599 -0.768029 -0.547815
v 8.2 7.7024 15.8672
n -0.590031 -0.635525 -0.452967
v 9.2 6.8304 15.1512
n -0.840401 -0.414834 -0.295261
v 9.8 5.6096 14.1488
n -0.964664 -0.184916 -0.131361
v 10 4.04 12.86
n -0.995133 7.2455e-05 -0.000101273
v 9.8 2.4704 11.5712
n -0.964644 0.185808 0.1301
v 9.2 1.2496 10.5688
n -0.840279 0.41831 0.290227
v 8.2 0.3776 9.8528
n -0.589755 0.643384 0.441196
v 5 -0.5 9.5
n 0.124254 0.698143 0.698146
v 3.2 -0.34 9.66
n 0.279608 0.665894 0.665908
v 1.8 0.14 10.14
n 0.591524 0.550389 0.550423
v 0.8 0.94 10.94
n 0.841419 0.358667 0.358702
v 0.2 2.06 12.06
n 0.964966 0.159637 0.159653
v 0 3.5 13.5
n 0.995181 -4.52623e-06 -3.80352e-06
v 0.2 4.94 14.94
n 0.964983 -0.159693 -0.159701
v 0.8 6.06 16.06
n 0.841513 -0.358913 -0.358925
v 1.8 6.86 16.86
n 0.59172 -0.551012 -0.55102
v 3.2 7.34 17.34
n 0.279772 -0.666896 -0.666898
v 5 7.5 17.5
n -7.43195e-07 -0.69929 -0.699291
v 6.8 7.34 17.34
n -0.279773 -0.666904 -0.666907
v 8.2 6.86 16.86
n -0.591724 -0.551025 -0.551033
v 9.2 6.06 16.06
n -0.841518 -0.358926 -0.358936
v 9.8 4.94 14.94
n -0.964984 -0.159702 -0.159709
v 10 3.5 13.5
n -0.995182 -2.92994e-06 -2.4084e-06
v 9.8 2.06 12.06
n -0.964974 0.159665 0.159677
v 9.2 0.94 10.94
n -0.841456 0.358758 0.358783
v 8.2 0.14 10.14
n -0.591584 0.550562 0.550587
v 5 -0.72 9.68
n 0.123111 0.549446 0.820928
v 3.2 -0.5768 9.8544
n 0.277442 0.525369 0.782942
v 1.8 -0.1472 10.3776
n 0.588558 0.437543 0.64676
v 0.8 0.5688 11.2496
n 0.839602 0.288113 0.420813
v 0.2 1.5712 12.4704
n 0.964487 0.129378 0.186837
v 0 2.86 14.04
n 0.995117 -0.000152652 0.000132496
v 0.2 4.1488 15.6096
n 0.964592 -0.131181 -0.185319
v 0.8 5.1512 16.8304
n 0.840181 -0.295025 -0.4154
v 1.8 5.8672 17.7024
n 0.589727 -0.452728 -0.635975
v 3.2 6.2968 18.2256
n 0.278401 -0.54765 -0.768232
v 5 6.44 18.4
n -1.54972e-06 -0.574216 -0.804989
v 6.8 6.2968 18.2256
n -0.278413 -0.547856 -0.76809
v 8.2 5.8672 17.7024
n -0.589754 -0.453088 -0.635708
v 9.2 5.1512 16.8304
n -0.84021 -0.295423 -0.41508
v 9.8 4.1488 15.6096
n -0.964605 -0.131466 -0.185077
v 10 2.86 14.04
n -0.995122 -9.52557e-05 8.25264e-05
v 9.8 1.5712 12.4704
n -0.964538 0.130276 0.18608
v 9.2 0.5688 11.2496
n -0.839814 0.290589 0.418871
v 8.2 -0.1472 10.3776
n -0.588892 0.441542 0.643927
v 5 -0.98 9.82
n 0.1205 0.392269 0.907918
v 3.2 -0.8552 10.0056
n 0.272404 0.376479 0.867417
v 1.8 -0.4808 10.5624
n 0.581422 0.317137 0.72019
v 0.8 0.1432 11.4904
n 0.835022 0.212085 0.471533
v 0.2 1.0168 12.7896
n 0.96322 0.0964641 0.210198
v 0 2.14 14.46
n 0.994938 -0.00024896 0.000182992
v 0.2 3.2632 16.1304
n 0.963452 -0.0993912 -0.208143
v 0.8 4.1368 17.4296
n 0.836278 -0.223208 -0.464554
v 1.8 4.7608 18.3576
n 0.583903 -0.341297 -0.707191
v 3.2 5.1352 18.9144
n 0.274409 -0.411649 -0.850633
v 5 5.26 19.1
n -2.2836e-06 -0.431264 -0.890092
v 6.8 5.1352 18.9144
n -0.274433 -0.411986 -0.85046
v 8.2 4.7608 18.3576
n -0.583964 -0.341891 -0.70685
v 9.2 4.1368 17.4296
n -0.836342 -0.223865 -0.464124
v 9.8 3.2632 16.1304
n -0.963481 -0.0998613 -0.207809
v 10 2.14 14.46
n -0.994948 -0.000155568 0.00011448
v 9.8 1.0168 12.7896
n -0.963329 0.0979123 0.209178
v 9.2 0.143199 11.4904
n -0.835473 0.216009 0.469062
v 8.2 -0.480801 10.5624
n -0.582111 0.323348 0.716853
v 5 -1.28 9.92
n 0.11708 0.243307 0.960087
v 3.2 -1.1752 10.1136
n 0.265661 0.234463 0.919624
v 1.8 -0.8608 10.6944
n 0.571491 0.200032 0.769652
v 0.8 -0.3368 11.6624
n 0.828317 0.136143 0.50937
v 0.2 0.3968 13.0176
n 0.961267 0.0628388 0.228928
v 0 1.34 14.76
n 0.994646 -0.000254801 0.000155091
v 0.2 2.2832 16.5024
n 0.96156 -0.0658107 -0.227236
v 0.8 3.0168 17.8576
n 0.829854 -0.147251 -0.504004
v 1.8 3.5408 18.8256
n 0.574439 -0.223673 -0.760625
v 3.2 3.8552 19.4064
n 0.267994 -0.26839 -0.90899
v 5 3.96 19.6
n -2.56673e-06 -0.280749 -0.949186
v 6.8 3.8552 19.4064
n -0.268023 -0.26873 -0.908873
v 8.2 3.5408 18.8256
n -0.574515 -0.224278 -0.760372
v 9.2 3.0168 17.8576
n -0.829937 -0.147929 -0.503656
v 9.8 2.2832 16.5024
n -0.961598 -0.066297 -0.226954
v 10 1.34 14.76
n -0.994659 -0.000160256 9.77684e-05
v 9.8 0.396799 13.0176
n -0.961403 0.0642982 0.228093
v 9.2 -0.336801 11.6624
n -0.828854 0.139998 0.507491
v 8.2 -0.860801 10.6944
n -0.57228 0.205954 0.767379
v 5 -1.62 9.98
n 0.113529 0.112428 0.985289
v 3.2 -1.5368 10.1784
n 0.258514 0.108727 0.946219
v 1.8 -1.2872 10.7736
n 0.560542 0.0938279 0.79861
v 0.8 -0.8712 11.7656
n 0.820545 0.0649053 0.534926
v 0.2 -0.2888 13.1544
n 0.958885 0.030377 0.242791
v 0 0.46 14.94
n 0.994272 -0.000163797 8.21743e-05
v 0.2 1.2088 16.7256
n 0.959097 -0.0322689 -0.241924
v 0.8 1.7912 18.1144
n 0.821622 -0.0718401 -0.532394
v 1.8 2.2072 19.1064
n 0.562547 -0.108248 -0.794898
v 3.2 2.4568 19.7016
n 0.260066 -0.129094 -0.942453
v 5 2.54 19.9
n -2.468e-06 -0.134789 -0.981676
v 6.8 2.4568 19.7016
n -0.260087 -0.129307 -0.942408
v 8.2 2.2072 19.1064
n -0.562602 -0.108631 -0.794786
v 9.2 1.7912 18.1144
n -0.821683 -0.0722753 -0.532222
v 9.8 1.2088 16.7256
n -0.959125 -0.0325839 -0.241776
v 10 0.46 14.94
n -0.994282 -0.000104076 5.22267e-05
v 9.8 -0.2888 13.1544
n -0.958982 0.0312998 0.242364
v 9.2 -0.8712 11.7656
n -0.820912 0.0672789 0.534045
v 8.2 -1.2872 10.7736
n -0.561061 0.0973636 0.797679
v 5 -2 10
n 0.111113 0.026114 0.993121
v 3.2 -1.94 10.2
n 0.253581 0.0253247 0.955345
v 1.8 -1.76 10.8
n 0.552772 0.0220561 0.810863
v 0.8 -1.46 11.8
n 0.81483 0.0154622 0.547673
v 0.2 -1.04 13.2
n 0.95707 0.00732151 0.250347
v 0 -0.5 15
n 0.993977 -4.75349e-05 1.96695e-05
v 0.2 0.0399999 16.8
n 0.957135 -0.0078656 -0.250147
v 0.8 0.46 18.2
n 0.815153 -0.0174199 -0.54714
v 1.8 0.76 19.2
n 0.553357 -0.0260415 -0.81022
v 3.2 0.94 19.8
n 0.254025 -0.0308738 -0.954863
v 5 1 20
n -1.08965e-06 -0.0321791 -0.992738
v 6.8 0.94 19.8
n -0.254032 -0.0309343 -0.954857
v 8.2 0.76 19.2
n -0.553374 -0.0261509 -0.810199
v 9.2 0.46 18.2
n -0.815172 -0.0175454 -0.547102
v 9.8 0.04 16.8
n -0.957144 -0.00795749 -0.250112
v 10 -0.5 15
n -0.99398 -3.07324e-05 1.25207e-05
v 9.8 -1.04 13.2
n -0.9571 0.00758551 0.250249
v 9.2 -1.46 11.8
n -0.814938 0.0161261 0.547487
v 8.2 -1.76 10.8
n -0.552919 0.0230187 0.810699
v 5 -2.84 10
n 0.110431 -2.91799e-07 0.993884
v 3.2 -2.8016 10.2
n 0.252176 -5.50009e-07 0.956514
v 1.8 -2.6864 10.8
n 0.550513 -5.03551e-07 0.813126
v 0.8 -2.4944 11.8
n 0.813126 -1.3551e-07 0.550513
v 0.2 -2.2256 13.2
n 0.956514 -6.86314e-08 0.252175
v 0 -1.88 15
n 0.993884 -1.16957e-08 -4.47035e-08
v 0.2 -1.5344 16.8
n 0.956514 -8.86556e-08 -0.252175
v 0.8 -1.2656 18.2
n 0.813126 -4.53553e-08 -0.550513
v 1.8 -1.0736 19.2
n 0.550513 1.23735e-07 -0.813126
v 3.2 -0.9584 19.8
n 0.252175 3.08775e-07 -0.956514
v 5 -0.92 20
n 2.23517e-08 4.38834e-07 -0.993884
v 6.8 -0.9584 19.8
n -0.252176 4.16371e-07 -0.956514
v 8.2 -1.0736 19.2
n -0.550513 4.81713e-08 -0.813126
v 9.2 -1.2656 18.2
n -0.813126 -4.81794e-08 -0.550513
v 9.8 -1.5344 16.8
n -0.956514 3.63865e-08 -0.252175
v 10 -1.88 15
n -0.993884 -5.15499e-08 -1.35973e-07
v 9.8 -2.2256 13.2
n -0.956514 3.30925e-08 0.252176
v 9.2 -2.4944 11.8
n -0.813126 3.8948e-07 0.550513
v 8.2 -2.6864 10.8
n -0.550513 2.21259e-07 0.813126
v 5 -4.56 10
n 0.110431 -9.87629e-08 0.993884
v 3.2 -4.5384 10.2
n 0.252176 1.73809e-07 0.956514
v 1.8 -4.4736 10.8
n 0.550513 3.21646e-07 0.813126
v 0.8 -4.3656 11.8
n 0.813126 1.66423e-07 0.550513
v 0.2 -4.2144 13.2
n 0.956514 6.85338e-08 0.252175
v 0 -4.02 15
n 0.993884 -7.94488e-09 -2.23517e-08
v 0.2 -3.8256 16.8
n 0.956514 -6.4765e-09 -0.252175
v 0.8 -3.6744 18.2
n 0.813126 -1.29193e-07 -0.550513
v 1.8 -3.5664 19.2
n 0.550513 -3.05549e-07 -0.813126
v 3.2 -3.5016 19.8
n 0.252175 -1.74321e-07 -0.956514
v 5 -3.48 20
n 4.09782e-08 3.7925e-08 -0.993884
v 6.8 -3.5016 19.8
n -0.252175 -8.48239e-08 -0.956514
v 8.2 -3.5664 19.2
n -0.550513 -2.86296e-07 -0.813126
v 9.2 -3.6744 18.2
n -0.813126 -2.36319e-07 -0.550513
v 9.8 -3.8256 16.8
n -0.956514 5.57566e-08 -0.252175
v 10 -4.02 15
n -0.993884 -5.33947e-08 -1.67638e-08
v 9.8 -4.2144 13.2
n -0.956514 -1.32394e-07 0.252176
v 9.2 -4.3656 11.8
n -0.813126 -1.02822e-07 0.550513
v 8.2 -4.4736 10.8
n -0.550513 -1.26372e-08 0.813126
v 5 -7.16 10
n 0.110432 1.93037e-07 0.993884
v 3.2 -7.1504 10.2
n 0.252176 1.25629e-07 0.956514
v 1.8 -7.1216 10.8
n 0.550513 4.50275e-08 0.813126
v 0.8 -7.0736 11.8
n 0.813126 7.63694e-09 0.550513
v 0.2 -7.0064 13.2
n 0.956514 -1.72734e-09 0.252175
v 0 -6.92 15
n 0.993884 -1.95931e-09 -4.65661e-08
v 0.2 -6.8336 16.8
n 0.956514 -9.76326e-09 -0.252175
v 0.8 -6.7664 18.2
n 0.813126 -6.83383e-09 -0.550513
v 1.8 -6.7184 19.2
n 0.550513 6.25469e-10 -0.813126
v 3.2 -6.6896 19.8
n 0.252175 6.20754e-09 -0.956515
v 5 -6.68 20
n 2.83122e-07 -1.517e-07 -0.993884
v 6.8 -6.6896 19.8
n -0.252175 -1.85112e-07 -0.956514
v 8.2 -6.7184 19.2
n -0.550513 1.17794e-07 -0.813126
v 9.2 -6.7664 18.2
n -0.813126 7.84343e-08 -0.550512
v 9.8 -6.8336 16.8
n -0.956514 -1.50728e-07 -0.252176
v 10 -6.92 15
n -0.993884 -8.62349e-08 -1.60187e-07
v 9.8 -7.0064 13.2
n -0.956514 -6.83314e-08 0.252176
v 9.2 -7.0736 11.8
n -0.813126 -1.22308e-07 0.550513
v 8.2 -7.1216 10.8
n -0.550513 2.27189e-08 0.813126
e 1 19 0
e 19 1 20
e 2 20 1
e 20 2 21
e 3 21 2
e 21 3 22
e 4 22 3
e 22 4 23
e 5 23 4
e 23 5 24
e 6 24 5
e 24 6 25
e 7 25 6
e 25 7 26
e 8 26 7
e 26 8 27
e 9 27 8
e 27 9 28
e 10 28 9
e 28 10 29
e 11 29 10
e 29 11 30
e 12 30 11
e 30 12 31
e 13 31 12
e 31 13 32
e 14 32 13
e 32 14 33
e 15 33 14
e 33 15 34
e 16 34 15
e 34 16 35
e 17 35 16
e 35 17 36
e 18 36 17
e 36 18 37
e 19 37 18
e 37 19 38
e 20 38 19
e 38 20 39
e 21 39 20
e 39 21 40
e 22 40 21
e 40 22 41
e 23 41 22
e 41 23 42
e 24 42 23
e 42 24 43
e 25 43 24
e 43 25 44
e 26 44 25
e 44 26 45
e 27 45 26
e 45 27 46
e 28 46 27
e 46 28 47
e 29 47 28
e 47 29 48
e 30 48 29
e 48 30 49
e 31 49 30
e 49 31 50
e 32 50 31
e 50 32 51
e 33 51 32
e 51 33 52
e 34 52 33
e 52 34 53
e 35 53 34
e 53 35 54
e 36 54 35
e 54 36 55
e 37 55 36
e 55 37 56
e 38 56 37
e 56 38 57
e 39 57 38
e 57 39 58
e 40 58 39
e 58 40 59
e 41 59 40
e 59 41 60
e 42 60 41
e 60 42 61
e 43 61 42
e 61 43 62
e 44 62 43
e 62 44 63
e 45 63 44
e 63 45 64
e 46 64 45
e 64 46 65
e 47 65 46
e 65 47 66
e 48 66 47
e 66 48 67
e 49 67 48
e 67 49 68
e 50 68 49
e 68 50 69
e 51 69 50
e 69 51 70
e 52 70 51
e 70 52 71
e 53 71 52
e 71 53 72
e 54 72 53
e 72 54 73
e 55 73 54
e 73 55 74
e 56 74 55
e 74 56 75
e 57 75 56
e 75 57 76
e 58 76 57
e 76 58 77
e 59 77 58
e 77 59 78
e 60 78 59
e 78 60 79
e 61 79 60
e 79 61 80
e 62 80 61
e 80 62 81
e 63 81 62
e 81 63 82
e 64 82 63
e 82 64 83
e 65 83 64
e 83 65 84
e 66 84 65
e 84 66 85
e 67 85 66
e 85 67 86
e 68 86 67
e 86 68 87
e 69 87 68
e 87 69 88
e 70 88 69
e 88 70 89
e 71 89 70
e 89 71 90
e 72 90 71
e 90 72 91
e 73 91 72
e 91 73 92
e 74 92 73
e 92 74 93
e 75 93 74
e 93 75 94
e 76 94 75
e 94 76 95
e 77 95 76
e 95 77 96
e 78 96 77
e 96 78 97
e 79 97 78
e 97 79 98
e 80 98 79
e 98 80 99
e 81 99 80
e 99 81 100
e 82 100 81
e 100 82 101
e 83 101 82
e 101 83 102
e 84 102 83
e 102 84 103
e 85 103 84
e 103 85 104
e 86 104 85
e 104 86 105
e 87 105 86
e 105 87 106
e 88 106 87
e 106 88 107
e 89 107 88
e 107 89 108
e 90 108 89
e 108 90 109
e 91 109 90
e 109 91 110
e 92 110 91
e 110 92 111
e 93 111 92
e 111 93 112
e 94 112 93
e 112 94 113
e 95 113 94
e 113 95 114
e 96 114 95
e 114 96 115
e 97 115 96
e 115 97 116
e 98 116 97
e 116 98 117
e 99 117 98
e 117 99 118
e 100 118 99
e 118 100 119
e 101 119 100
e 119 101 120
e 102 120 101
e 120 102 121
e 103 121 102
e 121 103 122
e 104 122 103
e 122 104 123
e 105 123 104
e 123 105 124
e 106 124 105
e 124 106 125
e 107 125 106
e 125 107 126
e 108 126 107
e 126 108 127
e 109 127 108
e 127 109 128
e 110 128 109
e 128 110 129
e 111 129 110
e 129 111 130
e 112 130 111
e 130 112 131
e 113 131 112
e 131 113 132
e 114 132 113
e 132 114 133
e 115 133 114
e 133 115 134
e 116 134 115
e 134 116 135
e 117 135 116
e 135 117 136
e 118 136 117
e 136 118 137
e 119 137 118
e 137 119 138
e 120 138 119
e 138 120 139
e 121 139 120
e 139 121 140
e 122 140 121
e 140 122 141
e 123 141 122
e 141 123 142
e 124 142 123
e 142 124 143
e 125 143 124
e 143 125 144
e 126 144 125
e 144 126 145
e 127 145 126
e 145 127 146
e 128 146 127
e 146 128 147
e 129 147 128
e 147 129 148
e 130 148 129
e 148 130 149
e 131 149 130
e 149 131 150
e 132 150 131
e 150 132 151
e 133 151 132
e 151 133 152
e 134 152 133
e 152 134 153
e 135 153 134
e 153 135 154
e 136 154 135
e 154 136 155
e 137 155 136
e 155 137 156
e 138 156 137
e 156 138 157
e 139 157 138
e 157 139 158
e 140 158 139
e 158 140 159
e 141 159 140
e 159 141 160
e 142 160 141
e 160 142 161
e 143 161 142
e 161 143 162
e 144 162 143
e 162 144 163
e 145 163 144
e 163 145 164
e 146 164 145
e 164 146 165
e 147 165 146
e 165 147 166
e 148 166 147
e 166 148 167
e 149 167 148
e 167 149 168
e 150 168 149
e 168 150 169
e 151 169 150
e 169 151 170
e 152 170 151
e 170 152 171
e 153 171 152
e 171 153 172
e 154 172 153
e 172 154 173
e 155 173 154
e 173 155 174
e 156 174 155
e 174 156 175
e 157 175 156
e 175 157 176
e 158 176 157
e 176 158 177
e 159 177 158
e 177 159 178
e 160 178 159
e 178 160 179
e 161 179 160
e 179 161 180
e 162 180 161
e 180 162 181
e 163 181 162
e 181 163 182
e 164 182 163
e 182 164 183
e 165 183 164
e 183 165 184
e 166 184 165
e 184 166 185
e 167 185 166
e 185 167 186
e 168 186 167
e 186 168 187
e 169 187 168
e 187 169 188
e 170 188 169
e 188 170 189
e 171 189 170
e 189 171 190
e 172 190 171
e 190 172 191
e 173 191 172
e 191 173 192
e 174 192 173
e 192 174 193
e 175 193 174
e 193 175 194
e 176 194 175
e 194 176 195
e 177 195 176
e 195 177 196
e 178 196 177
e 196 178 197
e 179 197 178
e 197 179 198
e 180 198 179
e 198 180 199
e 181 199 180
e 199 181 200
e 182 200 181
e 200 182 201
e 183 201 182
e 201 183 202
e 184 202 183
e 202 184 203
e 185 203 184
e 203 185 204
e 186 204 185
e 204 186 205
e 187 205 186
e 205 187 206
e 188 206 187
e 206 188 207
e 189 207 188
e 207 189 208
e 190 208 189
e 208 190 209
e 191 209 190
e 209 191 210
e 192 210 191
e 210 192 211
e 193 211 192
e 211 193 212
e 194 212 193
e 212 194 213
e 195 213 194
e 213 195 214
e 196 214 195
e 214 196 215
e 197 215 196
e 215 197 216
e 198 216 197
e 216 198 217
e 199 217 198
e 217 199 218
e 200 218 199
e 218 200 219
e 201 219 200
e 219 201 220
e 202 220 201
e 220 202 221
e 203 221 202
e 221 203 222
e 204 222 203
e 222 204 223
e 205 223 204
e 223 205 224
e 206 224 205
e 224 206 225
e 207 225 206
e 225 207 226
e 208 226 207
e 226 208 227
e 209 227 208
e 227 209 228
e 210 228 209
e 228 210 229
e 211 229 210
e 229 211 230
e 212 230 211
e 230 212 231
e 213 231 212
e 231 213 232
e 214 232 213
e 232 214 233
e 215 233 214
e 233 215 234
e 216 234 215
e 234 216 235
e 217 235 216
e 235 217 236
e 218 236 217
e 236 218 237
e 219 237 218
e 237 219 238
e 220 238 219
e 238 220 239
e 221 239 220
e 239 221 240
e 222 240 221
e 240 222 241
e 223 241 222
e 241 223 242
e 224 242 223
e 242 224 243
e 225 243 224
e 243 225 244
e 226 244 225
e 244 226 245
e 227 245 226
e 245 227 246
e 228 246 227
e 246 228 247
e 229 247 228
e 247 229 248
e 230 248 229
e 248 230 249
e 231 249 230
e 249 231 250
e 232 250 231
e 250 232 251
e 233 251 232
e 251 233 252
e 234 252 233
e 252 234 253
e 235 253 234
e 253 235 254
e 236 254 235
e 254 236 255
e 237 255 236
e 255 237 256
e 238 256 237
e 256 238 257
e 239 257 238
e 257 239 258
e 240 258 239
e 258 240 259
e 241 259 240
e 259 241 260
e 242 260 241
e 260 242 261
e 243 261 242
e 261 243 262
e 244 262 243
e 262 244 263
e 245 263 244
e 263 245 264
e 246 264 245
e 264 246 265
e 247 265 246
e 265 247 266
e 248 266 247
e 266 248 267
e 249 267 248
e 267 249 268
e 250 268 249
e 268 250 269
e 251 269 250
e 269 251 270
e 252 270 251
e 270 252 271
e 253 271 252
e 271 253 272
e 254 272 253
e 272 254 273
e 255 273 254
e 273 255 274
e 256 274 255
e 274 256 275
e 257 275 256
e 275 257 276
e 258 276 257
e 276 258 277
e 259 277 258
e 277 259 278
e 260 278 259
e 278 260 279
e 261 279 260
e 279 261 280
e 262 280 261
e 280 262 281
e 263 281 262
e 281 263 282
e 264 282 263
e 282 264 283
e 265 283 264
e 283 265 284
e 266 284 265
e 284 266 285
e 267 285 266
e 285 267 286
e 268 286 267
e 286 268 287
e 269 287 268
e 287 269 288
e 270 288 269
e 288 270 289
e 271 289 270
e 289 271 290
e 272 290 271
e 290 272 291
e 273 291 272
e 291 273 292
e 274 292 273
e 292 274 293
e 275 293 274
e 293 275 294
e 276 294 275
e 294 276 295
e 277 295 276
e 295 277 296
e 278 296 277
e 296 278 297
e 279 297 278
e 297 279 298
e 280 298 279
e 298 280 299
e 281 299 280
e 299 281 300
e 282 300 281
e 300 282 301
e 283 301 282
e 301 283 302
e 284 302 283
e 302 284 303
e 285 303 284
e 303 285 304
e 286 304 285
e 304 286 305
e 287 305 286
e 305 287 306
e 288 306 287
e 306 288 307
e 289 307 288
e 307 289 308
e 290 308 289
e 308 290 309
e 291 309 290
e 309 291 310
e 292 310 291
e 310 292 311
e 293 311 292
e 311 293 312
e 294 312 293
e 312 294 313
e 295 313 294
e 313 295 314
e 296 314 295
e 314 296 315
e 297 315 296
e 315 297 316
e 298 316 297
e 316 298 317
e 299 317 298
e 317 299 318
e 300 318 299
e 318 300 319
e 301 319 300
e 319 301 320
e 302 320 301
e 320 302 321
e 303 321 302
e 321 303 322
e 304 322 303
e 322 304 323
e 305 323 304
e 323 305 324
e 306 324 305
e 324 306 325
e 307 325 306
e 325 307 326
e 308 326 307
e 326 308 327
e 309 327 308
e 327 309 328
e 310 328 309
e 328 310 329
e 311 329 310
e 329 311 330
e 312 330 311
e 330 312 331
e 313 331 312
e 331 313 332
e 314 332 313
e 332 314 333
e 315 333 314
e 333 315 334
e 316 334 315
e 334 316 335
e 317 335 316
e 335 317 336
e 318 336 317
e 336 318 337
e 319 337 318
e 337 319 338
e 320 338 319
e 338 320 339
e 321 339 320
e 339 321 340
e 322 340 321
e 340 322 341
e 323 341 322
e 341 323 342
e 324 342 323
e 342 324 343
e 325 343 324
e 343 325 344
e 326 344 325
e 344 326 345
e 327 345 326
e 345 327 346
e 328 346 327
e 346 328 347
e 329 347 328
e 347 329 348
e 330 348 329
e 348 330 349
e 331 349 330
e 349 331 350
e 332 350 331
e 350 332 351
e 333 351 332
e 351 333 352
e 334 352 333
e 352 334 353
e 335 353 334
e 353 335 354
e 336 354 335
e 354 336 355
e 337 355 336
e 355 337 356
e 338 356 337
e 356 338 357
e 339 357 338
e 357 339 358
e 340 358 339
e 358 340 359
e 341 359 340
e 359 341 360
e 342 360 341
e 360 342 361
e 343 361 342
e 361 343 362
e 344 362 343
e 362 344 363
e 345 363 344
e 363 345 364
e 346 364 345
e 364 346 365
e 347 365 346
e 365 347 366
e 348 366 347
e 366 348 367
e 349 367 348
e 367 349 368
e 350 368 349
e 368 350 369
e 351 369 350
e 369 351 370
e 352 370 351
e 370 352 371
e 353 371 352
e 371 353 372
e 354 372 353
e 372 354 373
e 355 373 354
e 373 355 374
e 356 374 355
e 374 356 375
e 357 375 356
e 375 357 376
e 358 376 357
e 376 358 377
e 359 377 358
e 377 359 378
e 360 378 359
e 378 360 379
e 361 379 360
e 379 361 380
