id 3
c 2
d 5.0 
p 0.0    0.0    0.0
v -20 -26 -20
n -0.878991 0.0381535 -0.47531
v -20 -19.93 -19.5128
n -0.74329 0.147671 -0.613384
v -20 -16.2255 -18.2449
n -0.418295 0.442695 -0.747522
v -20 -14.145 -16.4872
n -0.161044 0.738661 -0.63176
v -20 -12.9469 -14.5306
n -0.0877793 0.872756 -0.477728
v -20 -12.0162 -12.615
n -0.0838232 0.907485 -0.410738
v -20 -11.2441 -10.7774
n -0.0887254 0.931244 -0.351499
v -20 -10.6484 -9.00391
n -0.100084 0.956071 -0.271313
v -20 -10.2469 -7.28061
n -0.121904 0.976379 -0.168091
v -20 -10.0574 -5.59367
n -0.157435 0.984048 -0.0434008
v -20 -10.0977 -3.92921
n -0.207889 0.970383 0.0950987
v -20 -10.3856 -2.27336
n -0.271421 0.930224 0.233609
v -20 -10.9388 -0.612244
n -0.343535 0.865466 0.35641
v -20 -11.7752 1.068
n -0.418975 0.784384 0.451985
v -20 -12.9125 2.78125
n -0.494884 0.698867 0.512848
v -20 -14.3637 4.5667
n -0.574959 0.62369 0.526809
v -20 -16.1222 6.56482
n -0.658347 0.565634 0.493567
v -20 -18.1766 8.94141
n -0.733662 0.520389 0.433891
v -20 -20.5153 11.8623
n -0.791836 0.484758 0.369039
v -16.8613 -25.7112 -25.7812
n -0.841347 0.177824 -0.489279
v -16.8613 -19.6412 -21.9517
n -0.711503 0.283594 -0.594361
v -16.8613 -15.9367 -18.9676
n -0.435142 0.528493 -0.689488
v -16.8613 -13.8562 -16.5776
n -0.240799 0.752391 -0.590497
v -16.8613 -12.6582 -14.5306
n -0.190629 0.857498 -0.464237
v -16.8613 -11.7252 -12.615
n -0.190562 0.887712 -0.403959
v -16.8613 -10.9373 -10.7774
n -0.196993 0.908399 -0.350237
v -16.8613 -10.2987 -9.00391
n -0.20876 0.92926 -0.280242
v -16.8613 -9.81363 -7.28061
n -0.228896 0.945969 -0.192762
v -16.8613 -9.48637 -5.59367
n -0.259829 0.952574 -0.0892238
v -16.8613 -9.32113 -3.92921
n -0.302577 0.942785 0.0248241
v -16.8613 -9.32218 -2.27336
n -0.356085 0.91256 0.139694
v -16.8613 -9.49375 -0.612244
n -0.417419 0.862381 0.244118
v -16.8613 -9.84008 1.068
n -0.482823 0.79713 0.32911
v -16.8613 -10.3654 2.78125
n -0.549516 0.724434 0.388733
v -16.8613 -11.0852 4.5667
n -0.617894 0.654278 0.415222
v -16.8613 -12.0596 6.56481
n -0.685632 0.593941 0.407317
v -16.8613 -13.3599 8.94141
n -0.74519 0.544651 0.377224
v -16.8613 -15.0575 11.8623
n -0.791088 0.50618 0.339805
v -14.7117 -24.9755 -28.75
n -0.750936 0.4002 -0.515898
v -14.7117 -18.9055 -23.2042
n -0.6554 0.479535 -0.562646
v -14.7117 -15.201 -19.3386
n -0.491374 0.628322 -0.590482
v -14.7117 -13.1205 -16.624
n -0.408879 0.743483 -0.5143
v -14.7117 -11.9224 -14.5306
n -0.397542 0.803189 -0.427634
v -14.7117 -10.9883 -12.615
n -0.403804 0.824482 -0.378307
v -14.7117 -10.1923 -10.7774
n -0.412055 0.839136 -0.33407
v -14.7117 -9.53166 -9.0039
n -0.423115 0.852917 -0.280853
v -14.7117 -9.0037 -7.28061
n -0.438236 0.863544 -0.218683
v -14.7117 -8.60569 -5.59367
n -0.458389 0.868323 -0.148779
v -14.7117 -8.33493 -3.92921
n -0.484104 0.864581 -0.0738423
v -14.7117 -8.1887 -2.27336
n -0.51534 0.850315 0.00203118
v -14.7117 -8.16429 -0.612244
n -0.551465 0.824823 0.0739745
v -14.7117 -8.25897 1.068
n -0.591369 0.788928 0.137375
v -14.7117 -8.47004 2.78125
n -0.633497 0.74451 0.190405
v -14.7117 -8.81421 4.5667
n -0.675306 0.69414 0.235577
v -14.7117 -9.38593 6.56482
n -0.713286 0.642962 0.271259
v -14.7117 -10.299 8.94141
n -0.744846 0.597219 0.293248
v -14.7117 -11.6674 11.8623
n -0.769014 0.560609 0.303775
v -13.2012 -23.9888 -29.8437
n -0.63526 0.533917 -0.55162
v -13.2012 -17.9187 -23.6656
n -0.598452 0.571275 -0.555917
v -13.2012 -14.2143 -19.4754
n -0.548149 0.641782 -0.533386
v -13.2012 -12.1338 -16.6411
n -0.540602 0.700304 -0.460134
v -13.2012 -10.9357 -14.5306
n -0.551941 0.73494 -0.388348
v -13.2012 -10.0012 -12.615
n -0.561259 0.749429 -0.34524
v -13.2012 -9.20215 -10.7774
n -0.569424 0.759756 -0.307037
v -13.2012 -8.53339 -9.00391
n -0.578267 0.769348 -0.263527
v -13.2012 -7.98962 -7.28061
n -0.587875 0.777158 -0.215188
v -13.2012 -7.56555 -5.59367
n -0.598278 0.782094 -0.163082
v -13.2012 -7.25591 -3.92921
n -0.609505 0.783177 -0.108862
v -13.2012 -7.05542 -2.27336
n -0.621617 0.779716 -0.0546323
v -13.2012 -6.9588 -0.612244
n -0.634733 0.771433 -0.0026783
v -13.2012 -6.96077 1.068
n -0.649008 0.758473 0.0448595
v -13.2012 -7.05606 2.78125
n -0.664326 0.741056 0.0897879
v -13.2012 -7.26185 4.5667
n -0.67895 0.718474 0.143606
v -13.2012 -7.68522 6.56482
n -0.690247 0.691301 0.206834
v -13.2012 -8.45568 8.94141
n -0.697548 0.663256 0.264366
v -13.2012 -9.70279 11.8623
n -0.701795 0.638419 0.308423
v -11.9796 -22.9469 -30
n -0.526606 0.607405 -0.592314
v -11.9796 -16.8769 -23.7315
n -0.527695 0.622142 -0.576102
v -11.9796 -13.1724 -19.4949
n -0.538567 0.655674 -0.526731
v -11.9796 -11.092 -16.6435
n -0.561531 0.69294 -0.448599
v -11.9796 -9.89388 -14.5306
n -0.580877 0.719302 -0.379207
v -11.9796 -8.95926 -12.615
n -0.590913 0.731988 -0.337618
v -11.9796 -8.15982 -10.7774
n -0.598663 0.741518 -0.301047
v -11.9796 -7.48991 -9.00391
n -0.606271 0.750671 -0.260206
v -11.9796 -6.94388 -7.28061
n -0.6134 0.758884 -0.215675
v -11.9796 -6.51609 -5.59367
n -0.619723 0.765614 -0.168435
v -11.9796 -6.20089 -3.92921
n -0.624993 0.770417 -0.119822
v -11.9796 -5.99265 -2.27336
n -0.629104 0.77303 -0.0714164
v -11.9796 -5.88571 -0.612243
n -0.632121 0.773422 -0.0248487
v -11.9796 -5.87444 1.068
n -0.634273 0.771774 0.0183964
v -11.9796 -5.95319 2.78125
n -0.635687 0.768163 0.0614526
v -11.9796 -6.13921 4.5667
n -0.635037 0.761019 0.119974
v -11.9796 -6.54138 6.56482
n -0.630356 0.748421 0.196433
v -11.9796 -7.29147 8.94141
n -0.62206 0.731675 0.271568
v -11.9796 -8.52125 11.8623
n -0.612511 0.714357 0.332733
v -10.7553 -22.0123 -30
n -0.444575 0.642831 -0.622478
v -10.7553 -15.9423 -23.7315
n -0.452955 0.655 -0.602924
v -10.7553 -12.2378 -19.4949
n -0.474228 0.685903 -0.548749
v -10.7553 -10.1573 -16.6435
n -0.500919 0.724707 -0.468223
v -10.7553 -8.95926 -14.5306
n -0.520873 0.753733 -0.397218
v -10.7553 -8.02465 -12.615
n -0.530835 0.768231 -0.354372
v -10.7553 -7.22521 -10.7774
n -0.538437 0.779299 -0.316539
v -10.7553 -6.55529 -9.00391
n -0.545821 0.790052 -0.27422
v -10.7553 -6.00926 -7.28061
n -0.552589 0.79991 -0.228005
v -10.7553 -5.58147 -5.59367
n -0.558353 0.808308 -0.178902
v -10.7553 -5.26628 -3.92921
n -0.562804 0.814794 -0.128296
v -10.7553 -5.05804 -2.27336
n -0.565774 0.819122 -0.0778237
v -10.7553 -4.9511 -0.612243
n -0.567269 0.8213 -0.0291746
v -10.7553 -4.93983 1.068
n -0.567462 0.821582 0.0161182
v -10.7553 -5.01857 2.78125
n -0.566435 0.820085 0.0615337
v -10.7553 -5.2046 4.5667
n -0.562844 0.814852 0.124259
v -10.7553 -5.60677 6.56481
n -0.554814 0.803153 0.207132
v -10.7553 -6.35686 8.94141
n -0.543056 0.786026 0.289013
v -10.7553 -7.58663 11.8623
n -0.53035 0.767526 0.355792
v -9.4713 -21.2129 -30
n -0.372882 0.666013 -0.644926
v -9.4713 -15.1429 -23.7315
n -0.38046 0.679596 -0.625519
v -9.4713 -11.4384 -19.4949
n -0.399825 0.714321 -0.571365
v -9.4713 -9.35791 -16.6435
n -0.424415 0.758443 -0.489858
v -9.4713 -8.15982 -14.5306
n -0.442994 0.791795 -0.417238
v -9.4713 -7.22521 -12.615
n -0.452363 0.808624 -0.372988
v -9.4713 -6.42577 -10.7774
n -0.459557 0.821549 -0.333682
v -9.4713 -5.75585 -9.00391
n -0.466575 0.834162 -0.289511
v -9.4713 -5.20982 -7.28061
n -0.473036 0.845776 -0.24106
v -9.4713 -4.78203 -5.59367
n -0.47856 0.855709 -0.189377
v -9.4713 -4.46684 -3.92921
n -0.48284 0.863405 -0.135939
v -9.4713 -4.25859 -2.27336
n -0.485702 0.868553 -0.0825136
v -9.4713 -4.15166 -0.612244
n -0.487145 0.871147 -0.0309428
v -9.4713 -4.14039 1.068
n -0.487332 0.871483 0.0170961
v -9.4713 -4.21913 2.78125
n -0.48634 0.8697 0.0652518
v -9.4713 -4.40516 4.5667
n -0.48288 0.863477 0.131648
v -9.4713 -4.80733 6.56482
n -0.475172 0.849618 0.21906
v -9.4713 -5.55742 8.94141
n -0.463951 0.829448 0.30492
v -9.4713 -6.78719 11.8623
n -0.451912 0.807815 0.374424
v -8.12891 -20.543 -30
n -0.303697 0.683983 -0.662328
v -8.12891 -14.4729 -23.7315
n -0.31023 0.698741 -0.643103
v -8.12891 -10.7685 -19.4949
n -0.327017 0.736672 -0.589144
v -8.12891 -8.68799 -16.6435
n -0.348544 0.785338 -0.507091
v -8.12891 -7.48991 -14.5306
n -0.364951 0.822447 -0.433357
v -8.12891 -6.55529 -12.615
n -0.373296 0.841331 -0.38806
v -8.12891 -5.75585 -10.7774
n -0.379735 0.855907 -0.347621
v -8.12891 -5.08594 -9.00391
n -0.386043 0.870187 -0.301997
v -8.12891 -4.53991 -7.28061
n -0.39187 0.883385 -0.251763
v -8.1289 -4.11212 -5.59367
n -0.39687 0.894709 -0.197995
v -8.12891 -3.79692 -3.92921
n -0.400755 0.903508 -0.142243
v -8.12891 -3.58868 -2.27336
n -0.403358 0.909405 -0.0863886
v -8.12891 -3.48174 -0.612244
n -0.404671 0.912382 -0.0324055
v -8.12891 -3.47047 1.068
n -0.404842 0.912768 0.0179049
v -8.12891 -3.54922 2.78125
n -0.403939 0.910721 0.0683255
v -8.12891 -3.73524 4.5667
n -0.400792 0.903592 0.137742
v -8.12891 -4.13741 6.56481
n -0.393807 0.88777 0.228848
v -8.12891 -4.8875 8.94141
n -0.383689 0.864858 0.317885
v -8.12891 -6.11728 11.8623
n -0.372898 0.840432 0.389504
v -6.72959 -19.9969 -30
n -0.238302 0.6973 -0.675222
v -6.72959 -13.9269 -23.7315
n -0.243645 0.712973 -0.656173
v -6.72959 -10.2224 -19.4949
n -0.257433 0.753426 -0.602465
v -6.72959 -8.14196 -16.6435
n -0.275249 0.805721 -0.520142
v -6.72959 -6.94388 -14.5306
n -0.288921 0.845867 -0.44567
v -6.72959 -6.00926 -12.615
n -0.295921 0.866433 -0.399626
v -6.72959 -5.20982 -10.7774
n -0.301346 0.882371 -0.358356
v -6.72959 -4.53991 -9.00391
n -0.306675 0.898034 -0.311647
v -6.72959 -3.99388 -7.28061
n -0.311614 0.912552 -0.260062
v -6.72959 -3.56609 -5.59367
n -0.315862 0.925044 -0.204696
v -6.72959 -3.25089 -3.92921
n -0.319171 0.934771 -0.147157
v -6.72959 -3.04265 -2.27336
n -0.321391 0.941302 -0.0894136
v -6.72959 -2.93571 -0.612244
n -0.322513 0.944601 -0.0335484
v -6.72959 -2.92444 1.068
n -0.322659 0.945029 0.0185369
v -6.72959 -3.00319 2.78125
n -0.321887 0.94276 0.0707256
v -6.72959 -3.18921 4.5667
n -0.319203 0.934867 0.14249
v -6.72959 -3.59138 6.56482
n -0.313261 0.917395 0.236443
v -6.72959 -4.34147 8.94141
n -0.304688 0.892196 0.327889
v -6.72959 -5.57125 11.8623
n -0.295591 0.865462 0.401073
v -5.27479 -19.5691 -30
n -0.177546 0.706655 -0.684281
v -5.27479 -13.4991 -23.7315
n -0.181643 0.722996 -0.665376
v -5.27479 -9.79466 -19.4949
n -0.192249 0.765299 -0.611902
v -5.27479 -7.71417 -16.6435
n -0.206029 0.820285 -0.529461
v -5.27479 -6.51609 -14.5306
n -0.216657 0.862705 -0.454522
v -5.27479 -5.58147 -12.615
n -0.222126 0.884543 -0.40797
v -5.27479 -4.78203 -10.7774
n -0.226376 0.901518 -0.366121
v -5.27479 -4.11212 -9.0039
n -0.230561 0.918236 -0.318647
v -5.27479 -3.56609 -7.28061
n -0.234449 0.933768 -0.266098
v -5.27479 -3.1383 -5.59367
n -0.2378 0.947158 -0.209581
v -5.27479 -2.8231 -3.92921
n -0.240414 0.957604 -0.150744
v -5.27479 -2.61486 -2.27336
n -0.242171 0.964625 -0.0916253
v -5.27479 -2.50792 -0.612243
n -0.243059 0.968175 -0.0343844
v -5.27479 -2.49665 1.068
n -0.243174 0.968636 0.0189994
v -5.27479 -2.5754 2.78125
n -0.242563 0.966194 0.072481
v -5.27479 -2.76142 4.56669
n -0.24044 0.957708 0.145956
v -5.27479 -3.16359 6.56481
n -0.235749 0.938963 0.241971
v -5.27479 -3.91368 8.94141
n -0.229002 0.91201 0.335138
v -5.27479 -5.14346 11.8623
n -0.221869 0.883518 0.409417
v -3.76594 -19.254 -30
n -0.121889 0.712773 -0.690206
v -3.76594 -13.1839 -23.7315
n -0.124756 0.729562 -0.671405
v -3.76594 -9.47946 -19.4949
n -0.13219 0.773111 -0.61811
v -3.76594 -7.39898 -16.6435
n -0.141886 0.829925 -0.535628
v -3.76594 -6.20089 -14.5306
n -0.149388 0.873901 -0.460406
v -3.76594 -5.26628 -12.615
n -0.153262 0.896615 -0.413531
v -3.76594 -4.46684 -10.7774
n -0.156279 0.914305 -0.371307
v -3.76594 -3.79692 -9.00391
n -0.159254 0.931755 -0.323331
v -3.76594 -3.25089 -7.28061
n -0.162023 0.947992 -0.270144
v -3.76594 -2.8231 -5.59367
n -0.164412 0.96201 -0.212861
v -3.76594 -2.50791 -3.92921
n -0.166278 0.972958 -0.153157
v -3.76594 -2.29966 -2.27336
n -0.167533 0.980323 -0.0931137
v -3.76594 -2.19273 -0.612244
n -0.168168 0.984049 -0.0349473
v -3.76594 -2.18146 1.068
n -0.168251 0.984532 0.0193108
v -3.76594 -2.2602 2.78125
n -0.167814 0.981969 0.0736625
v -3.76594 -2.44623 4.5667
n -0.166297 0.973068 0.148287
v -3.76594 -2.8484 6.56482
n -0.16295 0.953434 0.245678
v -3.76594 -3.59849 8.94141
n -0.158147 0.925261 0.339985
v -3.76594 -4.82826 11.8623
n -0.153081 0.895553 0.414977
v -2.20448 -19.0457 -30
n -0.0714769 0.716344 -0.693663
v -2.20448 -12.9757 -23.7315
n -0.0731762 0.733398 -0.674927
v -2.20448 -9.27122 -19.4949
n -0.0775895 0.777688 -0.621746
v -2.20448 -7.19074 -16.6435
n -0.083358 0.835594 -0.539254
v -2.20448 -5.99265 -14.5306
n -0.0878306 0.880504 -0.463876
v -2.20448 -5.05803 -12.615
n -0.0901448 0.903746 -0.416817
v -2.20448 -4.25859 -10.7774
n -0.0919489 0.921869 -0.374375
v -2.20448 -3.58868 -9.00391
n -0.0937302 0.939763 -0.326105
v -2.20448 -3.04265 -7.28061
n -0.095389 0.956428 -0.272544
v -2.20448 -2.61486 -5.59367
n -0.0968221 0.970828 -0.214808
v -2.20448 -2.29966 -3.92921
n -0.0979419 0.982081 -0.15459
v -2.20448 -2.09142 -2.27336
n -0.0986957 0.989656 -0.0939985
v -2.20448 -1.98449 -0.612244
n -0.0990772 0.993489 -0.0352819
v -2.20448 -1.97321 1.068
n -0.0991267 0.993986 0.019496
v -2.20448 -2.05196 2.78125
n -0.0988643 0.991349 0.074365
v -2.20448 -2.23799 4.5667
n -0.0979534 0.982195 0.149672
v -2.20448 -2.64016 6.56482
n -0.0959455 0.96202 0.247877
v -2.20448 -3.39024 8.94141
n -0.0930676 0.933106 0.342854
v -2.20448 -4.62002 11.8623
n -0.0900369 0.902662 0.418261
v -0.591835 -18.9388 -30
n -0.0262272 0.717977 -0.695245
v -0.591835 -12.8687 -23.7315
n -0.0268536 0.735153 -0.676539
v -0.591835 -9.16429 -19.4949
n -0.0284822 0.779786 -0.623413
v -0.591835 -7.0838 -16.6435
n -0.0306133 0.838198 -0.540919
v -0.591835 -5.88571 -14.5306
n -0.0322671 0.883542 -0.465473
v -0.591835 -4.9511 -12.615
n -0.0331239 0.907029 -0.418329
v -0.591835 -4.15166 -10.7774
n -0.0337919 0.925354 -0.375788
v -0.591835 -3.48174 -9.00391
n -0.034452 0.943456 -0.327384
v -0.591836 -2.93571 -7.28061
n -0.0350671 0.960321 -0.273651
v -0.591835 -2.50792 -5.59367
n -0.0355984 0.974899 -0.215707
v -0.591835 -2.19273 -3.92921
n -0.0360138 0.986296 -0.155252
v -0.591835 -1.98449 -2.27336
n -0.0362936 0.993969 -0.0944075
v -0.591835 -1.87755 -0.612244
n -0.0364351 0.997852 -0.0354366
v -0.591835 -1.86628 1.068
n -0.0364534 0.998356 0.0195815
v -0.591835 -1.94503 2.78125
n -0.036356 0.995684 0.0746896
v -0.591836 -2.13105 4.5667
n -0.0360181 0.986412 0.150311
v -0.591836 -2.53322 6.56482
n -0.0352734 0.965983 0.248892
v -0.591835 -3.28331 8.94141
n -0.0342066 0.936723 0.344176
v -0.591835 -4.51308 11.8623
n -0.0330839 0.905935 0.419773
v 1.07055 -18.9275 -30
n 0.0140896 0.718188 -0.695448
v 1.07055 -12.8575 -23.7315
n 0.0144268 0.73538 -0.676747
v 1.07055 -9.15301 -19.4949
n 0.0153027 0.780057 -0.623628
v 1.07055 -7.07253 -16.6435
n 0.0164487 0.838535 -0.541134
v 1.07055 -5.87444 -14.5306
n 0.0173385 0.883934 -0.465679
v 1.07055 -4.93983 -12.615
n 0.0177993 0.907454 -0.418525
v 1.07055 -4.14039 -10.7774
n 0.0181586 0.925805 -0.375971
v 1.07055 -3.47047 -9.00391
n 0.0185138 0.943933 -0.32755
v 1.07055 -2.92444 -7.28061
n 0.0188447 0.960825 -0.273794
v 1.07055 -2.49665 -5.59367
n 0.0191307 0.975426 -0.215824
v 1.07055 -2.18146 -3.92921
n 0.0193542 0.986841 -0.155338
v 1.07055 -1.97321 -2.27336
n 0.0195047 0.994527 -0.0944604
v 1.07055 -1.86628 -0.612243
n 0.0195809 0.998417 -0.0354566
v 1.07055 -1.85501 1.068
n 0.0195908 0.998922 0.0195926
v 1.07055 -1.93375 2.78125
n 0.0195384 0.996246 0.0747316
v 1.07055 -2.11978 4.5667
n 0.0193565 0.986957 0.150394
v 1.07055 -2.52195 6.56481
n 0.0189557 0.966496 0.249023
v 1.07055 -3.27204 8.94141
n 0.0183817 0.937191 0.344347
v 1.07055 -4.50181 11.8623
n 0.0177778 0.906358 0.419969
v 2.78125 -19.0062 -30
n 0.0538449 0.71719 -0.694482
v 2.78125 -12.9362 -23.7315
n 0.0551288 0.734307 -0.675762
v 2.78125 -9.23176 -19.4949
n 0.0584639 0.778775 -0.622609
v 2.78125 -7.15127 -16.6435
n 0.0628258 0.836942 -0.540115
v 2.78125 -5.95319 -14.5306
n 0.0662096 0.882076 -0.464703
v 2.78125 -5.01857 -12.615
n 0.0679612 0.905444 -0.417599
v 2.78125 -4.21913 -10.7774
n 0.0693274 0.923672 -0.375106
v 2.78125 -3.54922 -9.00391
n 0.0706766 0.941673 -0.326767
v 2.78125 -3.00319 -7.28061
n 0.0719333 0.958441 -0.273116
v 2.78125 -2.5754 -5.59367
n 0.0730191 0.972933 -0.215273
v 2.78125 -2.2602 -3.92921
n 0.0738679 0.98426 -0.154933
v 2.78125 -2.05196 -2.27336
n 0.0744393 0.991886 -0.09421
v 2.78125 -1.94503 -0.612244
n 0.0747284 0.995745 -0.0353619
v 2.78125 -1.93375 1.068
n 0.0747659 0.996246 0.0195402
v 2.78125 -2.0125 2.78125
n 0.0745669 0.993591 0.0745328
v 2.78125 -2.19852 4.5667
n 0.0738765 0.984376 0.150002
v 2.78125 -2.60069 6.56482
n 0.072355 0.96407 0.248402
v 2.78125 -3.35078 8.94141
n 0.0701748 0.934977 0.343538
v 2.78125 -4.58056 11.8623
n 0.0678796 0.904356 0.419043
v 4.5667 -19.1923 -30
n 0.108873 0.713689 -0.691092
v 4.5667 -13.1223 -23.7315
n 0.111437 0.730546 -0.672308
v 4.5667 -9.41778 -19.4949
n 0.11809 0.774285 -0.619043
v 4.5667 -7.3373 -16.6435
n 0.126771 0.83138 -0.536558
v 4.5667 -6.13921 -14.5306
n 0.133489 0.875596 -0.461297
v 4.5667 -5.2046 -12.615
n 0.13696 0.898445 -0.414374
v 4.5667 -4.40516 -10.7774
n 0.139663 0.916246 -0.372095
v 4.5667 -3.73524 -9.00391
n 0.14233 0.933811 -0.324043
v 4.5667 -3.18921 -7.28061
n 0.14481 0.950158 -0.27076
v 4.56669 -2.76142 -5.59367
n 0.146953 0.964274 -0.213361
v 4.5667 -2.44623 -3.92921
n 0.148625 0.9753 -0.153525
v 4.5667 -2.23799 -2.27336
n 0.149751 0.982719 -0.0933409
v 4.5667 -2.13105 -0.612243
n 0.15032 0.986472 -0.0350331
v 4.5667 -2.11978 1.068
n 0.150394 0.986959 0.0193583
v 4.5667 -2.19852 2.78125
n 0.150002 0.984377 0.0738428
v 4.5667 -2.38455 4.5667
n 0.148642 0.975411 0.148642
v 4.5667 -2.78672 6.56482
n 0.145642 0.955638 0.246242
v 4.5667 -3.53681 8.94141
n 0.141337 0.927274 0.340721
v 4.5667 -4.76658 11.8623
n 0.136798 0.897377 0.41582
v 6.56482 -19.5944 -30
n 0.182113 0.7058 -0.683453
v 6.56482 -13.5244 -23.7315
n 0.186299 0.72208 -0.664536
v 6.56482 -9.81995 -19.4949
n 0.197129 0.764215 -0.611041
v 6.56482 -7.73947 -16.6435
n 0.21119 0.818958 -0.528613
v 6.56482 -6.54138 -14.5306
n 0.222026 0.861174 -0.453717
v 6.56481 -5.60677 -12.615
n 0.227599 0.882898 -0.407212
v 6.56482 -4.80733 -10.7774
n 0.231928 0.899779 -0.365416
v 6.56482 -4.13741 -9.00391
n 0.236189 0.916403 -0.318012
v 6.56482 -3.59138 -7.28061
n 0.240146 0.931844 -0.26555
v 6.56481 -3.16359 -5.59367
n 0.243557 0.945154 -0.209138
v 6.56482 -2.8484 -3.92921
n 0.246216 0.955535 -0.150419
v 6.56482 -2.64016 -2.27336
n 0.248003 0.962512 -0.0914251
v 6.56482 -2.53322 -0.612244
n 0.248906 0.96604 -0.0343086
v 6.56482 -2.52195 1.068
n 0.249024 0.966498 0.0189575
v 6.56482 -2.60069 2.78125
n 0.248402 0.964071 0.0723219
v 6.56482 -2.78672 4.5667
n 0.246242 0.955638 0.145642
v 6.56482 -3.18889 6.56481
n 0.241469 0.937008 0.241469
v 6.56482 -3.93898 8.94141
n 0.234602 0.910212 0.33448
v 6.56482 -5.16875 11.8623
n 0.227337 0.881878 0.408658
v 8.94141 -20.3445 -30
n 0.255316 0.694114 -0.672137
v 8.94141 -14.2745 -23.7315
n 0.260983 0.709565 -0.653044
v 8.94141 -10.57 -19.4949
n 0.275591 0.749405 -0.599268
v 8.94141 -8.48956 -16.6435
n 0.294431 0.800813 -0.517
v 8.94141 -7.29147 -14.5306
n 0.308863 0.840215 -0.442699
v 8.94141 -6.35686 -12.615
n 0.316241 0.860367 -0.396831
v 8.94141 -5.55742 -10.7774
n 0.321952 0.87597 -0.355759
v 8.94141 -4.8875 -9.00391
n 0.327558 0.89129 -0.30931
v 8.94141 -4.34147 -7.28061
n 0.33275 0.905482 -0.25805
v 8.94141 -3.91368 -5.59367
n 0.337214 0.917685 -0.20307
v 8.94141 -3.59849 -3.92921
n 0.340687 0.927182 -0.145964
v 8.94141 -3.39024 -2.27336
n 0.343018 0.933555 -0.0886793
v 8.94141 -3.28331 -0.612244
n 0.344195 0.936775 -0.0332708
v 8.94141 -3.27204 1.068
n 0.344348 0.937192 0.0183834
v 8.94141 -3.35078 2.78125
n 0.343538 0.934978 0.0701427
v 8.94141 -3.53681 4.5667
n 0.340721 0.927274 0.141337
v 8.94141 -3.93898 6.56482
n 0.33448 0.910212 0.234602
v 8.94141 -4.68906 8.94141
n 0.325468 0.885578 0.325468
v 8.94141 -5.91884 11.8623
n 0.315892 0.859414 0.398277
v 11.8623 -21.5743 -30
n 0.315899 0.681308 -0.659737
v 11.8623 -15.5043 -23.7315
n 0.322645 0.695884 -0.640479
v 11.8623 -11.7998 -19.4949
n 0.339965 0.733314 -0.586474
v 11.8623 -9.71933 -16.6435
n 0.362145 0.781262 -0.504482
v 11.8623 -8.52125 -14.5306
n 0.379028 0.817772 -0.430899
v 11.8623 -7.58663 -12.615
n 0.387606 0.836326 -0.385753
v 11.8623 -6.78719 -10.7774
n 0.39422 0.850634 -0.345482
v 11.8623 -6.11728 -9.00391
n 0.400694 0.864643 -0.300076
v 11.8623 -5.57125 -7.28061
n 0.406673 0.877582 -0.250112
v 11.8623 -5.14345 -5.59367
n 0.4118 0.888678 -0.196662
v 11.8623 -4.82826 -3.92921
n 0.415782 0.897295 -0.141267
v 11.8623 -4.62002 -2.27336
n 0.418449 0.903069 -0.0857878
v 11.8623 -4.51308 -0.612244
n 0.419795 0.905982 -0.0321787
v 11.8623 -4.50181 1.068
n 0.419969 0.90636 0.0177794
v 11.8623 -4.58056 2.78125
n 0.419044 0.904357 0.0678487
v 11.8623 -4.76658 4.5667
n 0.41582 0.897377 0.136798
v 11.8623 -5.16875 6.56482
n 0.408658 0.881878 0.227337
v 11.8623 -5.91884 8.94141
n 0.398277 0.859414 0.315892
v 11.8623 -7.14861 11.8623
n 0.387197 0.835441 0.387197
e 1 19 0
e 19 1 20
e 2 20 1
e 20 2 21
e 3 21 2
e 21 3 22
e 4 22 3
e 22 4 23
e 5 23 4
e 23 5 24
e 6 24 5
e 24 6 25
e 7 25 6
e 25 7 26
e 8 26 7
e 26 8 27
e 9 27 8
e 27 9 28
e 10 28 9
e 28 10 29
e 11 29 10
e 29 11 30
e 12 30 11
e 30 12 31
e 13 31 12
e 31 13 32
e 14 32 13
e 32 14 33
e 15 33 14
e 33 15 34
e 16 34 15
e 34 16 35
e 17 35 16
e 35 17 36
e 18 36 17
e 36 18 37
e 19 37 18
e 37 19 38
e 20 38 19
e 38 20 39
e 21 39 20
e 39 21 40
e 22 40 21
e 40 22 41
e 23 41 22
e 41 23 42
e 24 42 23
e 42 24 43
e 25 43 24
e 43 25 44
e 26 44 25
e 44 26 45
e 27 45 26
e 45 27 46
e 28 46 27
e 46 28 47
e 29 47 28
e 47 29 48
e 30 48 29
e 48 30 49
e 31 49 30
e 49 31 50
e 32 50 31
e 50 32 51
e 33 51 32
e 51 33 52
e 34 52 33
e 52 34 53
e 35 53 34
e 53 35 54
e 36 54 35
e 54 36 55
e 37 55 36
e 55 37 56
e 38 56 37
e 56 38 57
e 39 57 38
e 57 39 58
e 40 58 39
e 58 40 59
e 41 59 40
e 59 41 60
e 42 60 41
e 60 42 61
e 43 61 42
e 61 43 62
e 44 62 43
e 62 44 63
e 45 63 44
e 63 45 64
e 46 64 45
e 64 46 65
e 47 65 46
e 65 47 66
e 48 66 47
e 66 48 67
e 49 67 48
e 67 49 68
e 50 68 49
e 68 50 69
e 51 69 50
e 69 51 70
e 52 70 51
e 70 52 71
e 53 71 52
e 71 53 72
e 54 72 53
e 72 54 73
e 55 73 54
e 73 55 74
e 56 74 55
e 74 56 75
e 57 75 56
e 75 57 76
e 58 76 57
e 76 58 77
e 59 77 58
e 77 59 78
e 60 78 59
e 78 60 79
e 61 79 60
e 79 61 80
e 62 80 61
e 80 62 81
e 63 81 62
e 81 63 82
e 64 82 63
e 82 64 83
e 65 83 64
e 83 65 84
e 66 84 65
e 84 66 85
e 67 85 66
e 85 67 86
e 68 86 67
e 86 68 87
e 69 87 68
e 87 69 88
e 70 88 69
e 88 70 89
e 71 89 70
e 89 71 90
e 72 90 71
e 90 72 91
e 73 91 72
e 91 73 92
e 74 92 73
e 92 74 93
e 75 93 74
e 93 75 94
e 76 94 75
e 94 76 95
e 77 95 76
e 95 77 96
e 78 96 77
e 96 78 97
e 79 97 78
e 97 79 98
e 80 98 79
e 98 80 99
e 81 99 80
e 99 81 100
e 82 100 81
e 100 82 101
e 83 101 82
e 101 83 102
e 84 102 83
e 102 84 103
e 85 103 84
e 103 85 104
e 86 104 85
e 104 86 105
e 87 105 86
e 105 87 106
e 88 106 87
e 106 88 107
e 89 107 88
e 107 89 108
e 90 108 89
e 108 90 109
e 91 109 90
e 109 91 110
e 92 110 91
e 110 92 111
e 93 111 92
e 111 93 112
e 94 112 93
e 112 94 113
e 95 113 94
e 113 95 114
e 96 114 95
e 114 96 115
e 97 115 96
e 115 97 116
e 98 116 97
e 116 98 117
e 99 117 98
e 117 99 118
e 100 118 99
e 118 100 119
e 101 119 100
e 119 101 120
e 102 120 101
e 120 102 121
e 103 121 102
e 121 103 122
e 104 122 103
e 122 104 123
e 105 123 104
e 123 105 124
e 106 124 105
e 124 106 125
e 107 125 106
e 125 107 126
e 108 126 107
e 126 108 127
e 109 127 108
e 127 109 128
e 110 128 109
e 128 110 129
e 111 129 110
e 129 111 130
e 112 130 111
e 130 112 131
e 113 131 112
e 131 113 132
e 114 132 113
e 132 114 133
e 115 133 114
e 133 115 134
e 116 134 115
e 134 116 135
e 117 135 116
e 135 117 136
e 118 136 117
e 136 118 137
e 119 137 118
e 137 119 138
e 120 138 119
e 138 120 139
e 121 139 120
e 139 121 140
e 122 140 121
e 140 122 141
e 123 141 122
e 141 123 142
e 124 142 123
e 142 124 143
e 125 143 124
e 143 125 144
e 126 144 125
e 144 126 145
e 127 145 126
e 145 127 146
e 128 146 127
e 146 128 147
e 129 147 128
e 147 129 148
e 130 148 129
e 148 130 149
e 131 149 130
e 149 131 150
e 132 150 131
e 150 132 151
e 133 151 132
e 151 133 152
e 134 152 133
e 152 134 153
e 135 153 134
e 153 135 154
e 136 154 135
e 154 136 155
e 137 155 136
e 155 137 156
e 138 156 137
e 156 138 157
e 139 157 138
e 157 139 158
e 140 158 139
e 158 140 159
e 141 159 140
e 159 141 160
e 142 160 141
e 160 142 161
e 143 161 142
e 161 143 162
e 144 162 143
e 162 144 163
e 145 163 144
e 163 145 164
e 146 164 145
e 164 146 165
e 147 165 146
e 165 147 166
e 148 166 147
e 166 148 167
e 149 167 148
e 167 149 168
e 150 168 149
e 168 150 169
e 151 169 150
e 169 151 170
e 152 170 151
e 170 152 171
e 153 171 152
e 171 153 172
e 154 172 153
e 172 154 173
e 155 173 154
e 173 155 174
e 156 174 155
e 174 156 175
e 157 175 156
e 175 157 176
e 158 176 157
e 176 158 177
e 159 177 158
e 177 159 178
e 160 178 159
e 178 160 179
e 161 179 160
e 179 161 180
e 162 180 161
e 180 162 181
e 163 181 162
e 181 163 182
e 164 182 163
e 182 164 183
e 165 183 164
e 183 165 184
e 166 184 165
e 184 166 185
e 167 185 166
e 185 167 186
e 168 186 167
e 186 168 187
e 169 187 168
e 187 169 188
e 170 188 169
e 188 170 189
e 171 189 170
e 189 171 190
e 172 190 171
e 190 172 191
e 173 191 172
e 191 173 192
e 174 192 173
e 192 174 193
e 175 193 174
e 193 175 194
e 176 194 175
e 194 176 195
e 177 195 176
e 195 177 196
e 178 196 177
e 196 178 197
e 179 197 178
e 197 179 198
e 180 198 179
e 198 180 199
e 181 199 180
e 199 181 200
e 182 200 181
e 200 182 201
e 183 201 182
e 201 183 202
e 184 202 183
e 202 184 203
e 185 203 184
e 203 185 204
e 186 204 185
e 204 186 205
e 187 205 186
e 205 187 206
e 188 206 187
e 206 188 207
e 189 207 188
e 207 189 208
e 190 208 189
e 208 190 209
e 191 209 190
e 209 191 210
e 192 210 191
e 210 192 211
e 193 211 192
e 211 193 212
e 194 212 193
e 212 194 213
e 195 213 194
e 213 195 214
e 196 214 195
e 214 196 215
e 197 215 196
e 215 197 216
e 198 216 197
e 216 198 217
e 199 217 198
e 217 199 218
e 200 218 199
e 218 200 219
e 201 219 200
e 219 201 220
e 202 220 201
e 220 202 221
e 203 221 202
e 221 203 222
e 204 222 203
e 222 204 223
e 205 223 204
e 223 205 224
e 206 224 205
e 224 206 225
e 207 225 206
e 225 207 226
e 208 226 207
e 226 208 227
e 209 227 208
e 227 209 228
e 210 228 209
e 228 210 229
e 211 229 210
e 229 211 230
e 212 230 211
e 230 212 231
e 213 231 212
e 231 213 232
e 214 232 213
e 232 214 233
e 215 233 214
e 233 215 234
e 216 234 215
e 234 216 235
e 217 235 216
e 235 217 236
e 218 236 217
e 236 218 237
e 219 237 218
e 237 219 238
e 220 238 219
e 238 220 239
e 221 239 220
e 239 221 240
e 222 240 221
e 240 222 241
e 223 241 222
e 241 223 242
e 224 242 223
e 242 224 243
e 225 243 224
e 243 225 244
e 226 244 225
e 244 226 245
e 227 245 226
e 245 227 246
e 228 246 227
e 246 228 247
e 229 247 228
e 247 229 248
e 230 248 229
e 248 230 249
e 231 249 230
e 249 231 250
e 232 250 231
e 250 232 251
e 233 251 232
e 251 233 252
e 234 252 233
e 252 234 253
e 235 253 234
e 253 235 254
e 236 254 235
e 254 236 255
e 237 255 236
e 255 237 256
e 238 256 237
e 256 238 257
e 239 257 238
e 257 239 258
e 240 258 239
e 258 240 259
e 241 259 240
e 259 241 260
e 242 260 241
e 260 242 261
e 243 261 242
e 261 243 262
e 244 262 243
e 262 244 263
e 245 263 244
e 263 245 264
e 246 264 245
e 264 246 265
e 247 265 246
e 265 247 266
e 248 266 247
e 266 248 267
e 249 267 248
e 267 249 268
e 250 268 249
e 268 250 269
e 251 269 250
e 269 251 270
e 252 270 251
e 270 252 271
e 253 271 252
e 271 253 272
e 254 272 253
e 272 254 273
e 255 273 254
e 273 255 274
e 256 274 255
e 274 256 275
e 257 275 256
e 275 257 276
e 258 276 257
e 276 258 277
e 259 277 258
e 277 259 278
e 260 278 259
e 278 260 279
e 261 279 260
e 279 261 280
e 262 280 261
e 280 262 281
e 263 281 262
e 281 263 282
e 264 282 263
e 282 264 283
e 265 283 264
e 283 265 284
e 266 284 265
e 284 266 285
e 267 285 266
e 285 267 286
e 268 286 267
e 286 268 287
e 269 287 268
e 287 269 288
e 270 288 269
e 288 270 289
e 271 289 270
e 289 271 290
e 272 290 271
e 290 272 291
e 273 291 272
e 291 273 292
e 274 292 273
e 292 274 293
e 275 293 274
e 293 275 294
e 276 294 275
e 294 276 295
e 277 295 276
e 295 277 296
e 278 296 277
e 296 278 297
e 279 297 278
e 297 279 298
e 280 298 279
e 298 280 299
e 281 299 280
e 299 281 300
e 282 300 281
e 300 282 301
e 283 301 282
e 301 283 302
e 284 302 283
e 302 284 303
e 285 303 284
e 303 285 304
e 286 304 285
e 304 286 305
e 287 305 286
e 305 287 306
e 288 306 287
e 306 288 307
e 289 307 288
e 307 289 308
e 290 308 289
e 308 290 309
e 291 309 290
e 309 291 310
e 292 310 291
e 310 292 311
e 293 311 292
e 311 293 312
e 294 312 293
e 312 294 313
e 295 313 294
e 313 295 314
e 296 314 295
e 314 296 315
e 297 315 296
e 315 297 316
e 298 316 297
e 316 298 317
e 299 317 298
e 317 299 318
e 300 318 299
e 318 300 319
e 301 319 300
e 319 301 320
e 302 320 301
e 320 302 321
e 303 321 302
e 321 303 322
e 304 322 303
e 322 304 323
e 305 323 304
e 323 305 324
e 306 324 305
e 324 306 325
e 307 325 306
e 325 307 326
e 308 326 307
e 326 308 327
e 309 327 308
e 327 309 328
e 310 328 309
e 328 310 329
e 311 329 310
e 329 311 330
e 312 330 311
e 330 312 331
e 313 331 312
e 331 313 332
e 314 332 313
e 332 314 333
e 315 333 314
e 333 315 334
e 316 334 315
e 334 316 335
e 317 335 316
e 335 317 336
e 318 336 317
e 336 318 337
e 319 337 318
e 337 319 338
e 320 338 319
e 338 320 339
e 321 339 320
e 339 321 340
e 322 340 321
e 340 322 341
e 323 341 322
e 341 323 342
e 324 342 323
e 342 324 343
e 325 343 324
e 343 325 344
e 326 344 325
e 344 326 345
e 327 345 326
e 345 327 346
e 328 346 327
e 346 328 347
e 329 347 328
e 347 329 348
e 330 348 329
e 348 330 349
e 331 349 330
e 349 331 350
e 332 350 331
e 350 332 351
e 333 351 332
e 351 333 352
e 334 352 333
e 352 334 353
e 335 353 334
e 353 335 354
e 336 354 335
e 354 336 355
e 337 355 336
e 355 337 356
e 338 356 337
e 356 338 357
e 339 357 338
e 357 339 358
e 340 358 339
e 358 340 359
e 341 359 340
e 359 341 360
e 342 360 341
e 360 342 361
e 343 361 342
e 361 343 362
e 344 362 343
e 362 344 363
e 345 363 344
e 363 345 364
e 346 364 345
e 364 346 365
e 347 365 346
e 365 347 366
e 348 366 347
e 366 348 367
e 349 367 348
e 367 349 368
e 350 368 349
e 368 350 369
e 351 369 350
e 369 351 370
e 352 370 351
e 370 352 371
e 353 371 352
e 371 353 372
e 354 372 353
e 372 354 373
e 355 373 354
e 373 355 374
e 356 374 355
e 374 356 375
e 357 375 356
e 375 357 376
e 358 376 357
e 376 358 377
e 359 377 358
e 377 359 378
e 360 378 359
e 378 360 379
e 361 379 360
e 379 361 380
